352 275
352 275
352 275
352 275
352 275
352 275
352 275
352 275
352 275
352 275
352 275
352 275
352 275
352 275
352 275
352 275
352 275
352 275
352 275
352 275
352 275
352 275
352 275
352 275
352 275
352 275
352 275
352 275
352 275
352 275
352 275
352 275
352 275
352 275
352 275
352 275
352 275
352 275
352 275
352 275
352 275
352 275
352 275
351 275
351 275
351 276
351 276
351 276
351 276
351 276
351 276
351 276
350 276
350 276
350 276
350 277
350 277
350 277
350 277
349 277
349 277
349 277
349 277
349 278
349 278
349 278
348 278
348 278
348 279
348 279
347 279
347 279
347 279
347 280
347 280
346 280
346 280
346 280
346 280
346 281
345 281
345 281
345 281
345 281
345 281
345 281
345 282
344 282
344 282
344 282
344 282
344 282
344 282
344 283
343 283
343 283
343 283
343 283
343 284
342 284
342 284
342 284
342 284
342 284
342 284
342 284
342 284
341 284
341 284
341 284
341 285
341 285
341 285
341 285
341 285
340 285
340 285
340 286
340 286
339 286
339 286
339 286
339 287
338 287
338 287
338 287
337 288
337 288
337 288
337 288
336 288
336 289
336 289
335 289
335 290
335 290
335 290
334 291
334 291
334 291
333 292
333 292
332 292
332 293
332 293
331 293
331 293
331 294
331 294
330 295
330 295
330 295
329 296
329 296
329 296
328 297
328 297
328 298
328 298
327 298
327 299
327 299
326 299
326 300
326 300
325 300
325 300
325 301
324 301
324 301
324 302
323 302
323 302
323 303
322 303
322 303
322 303
322 304
321 304
321 304
321 304
320 305
320 305
320 305
319 306
319 306
318 306
318 307
317 307
317 307
317 308
316 308
316 309
315 309
315 309
314 310
314 310
314 311
313 311
313 312
312 312
312 312
312 313
311 313
311 313
311 314
311 314
311 314
310 314
310 315
309 315
309 315
309 315
309 315
308 316
308 316
308 316
308 316
308 317
308 317
307 317
307 317
307 317
306 318
306 318
306 318
306 318
305 319
305 319
305 319
305 319
304 320
304 320
304 320
304 320
303 321
303 321
303 322
302 322
302 322
301 323
301 323
300 324
300 324
299 324
299 325
298 325
298 326
297 326
297 327
296 327
296 328
295 328
295 328
294 329
294 329
293 330
293 330
292 331
292 331
291 332
291 332
290 333
290 333
290 333
289 334
289 334
289 334
289 335
288 335
288 335
287 336
287 336
286 336
286 337
285 337
285 338
285 338
284 338
284 339
283 339
283 340
283 340
282 340
282 341
282 341
281 342
281 342
281 343
280 343
280 344
280 344
279 344
279 345
278 345
278 346
278 346
278 346
277 347
277 347
276 348
276 348
275 348
275 349
275 349
275 350
274 350
274 350
274 351
273 351
273 351
272 352
272 352
272 353
271 353
271 353
270 354
270 354
270 354
269 355
269 355
269 356
268 356
268 356
268 357
268 357
267 357
267 357
267 358
267 358
267 358
266 359
266 359
266 359
266 359
265 360
265 360
264 360
264 361
263 361
263 361
263 362
262 362
262 362
262 362
262 363
261 363
261 363
261 364
260 364
260 364
260 365
259 365
259 365
258 366
258 366
258 366
257 367
257 367
257 367
257 368
257 368
256 368
256 368
256 369
255 369
255 369
254 370
254 370
254 370
254 371
253 371
253 371
253 371
252 372
252 372
252 372
251 372
251 373
251 373
250 373
250 373
250 373
250 373
250 373
250 373
250 373
249 374
250 374
249 374
250 374
250 374
250 374
250 374
250 374
250 374
250 374
250 374
251 374
251 374
251 373
251 373
252 373
252 373
252 373
253 373
253 373
253 373
253 373
253 373
254 373
255 373
255 373
256 373
257 373
257 373
258 373
258 372
259 372
259 372
260 372
261 372
261 372
261 372
261 372
262 372
262 372
263 372
263 372
264 372
264 372
265 372
265 372
266 372
266 371
267 371
268 371
269 371
269 371
270 371
270 371
271 371
271 371
272 371
273 371
273 371
274 371
274 371
275 371
275 371
276 371
276 371
277 371
278 371
278 371
279 371
279 371
280 370
281 370
281 370
282 370
283 370
283 370
284 370
284 370
285 370
286 370
286 370
287 370
288 370
288 370
289 369
290 369
291 369
291 369
292 369
293 369
294 369
295 369
295 369
297 369
297 369
298 368
298 368
299 368
299 368
300 368
300 368
301 368
301 368
301 368
302 368
302 368
302 368
302 368
303 368
303 368
303 368
303 368
304 367
305 368
305 368
305 367
306 367
307 367
308 368
309 368
309 368
310 368
311 368
311 368
312 367
312 368
313 368
314 367
315 367
316 367
316 367
317 367
318 367
319 367
319 367
320 367
321 367
321 367
321 367
322 367
323 367
323 367
324 367
324 367
325 367
325 366
326 366
327 366
328 366
328 366
329 366
329 366
330 366
331 366
332 366
332 366
333 366
334 366
335 366
335 366
336 366
336 366
337 366
337 366
338 366
338 366
338 366
339 366
339 366
340 366
340 366
340 366
341 366
341 366
341 366
341 366
342 366
342 365
342 365
343 365
343 365
343 365
343 365
344 365
344 365
344 365
344 365
345 365
345 365
345 365
346 365
346 365
347 366
348 366
349 366
349 366
350 366
350 366
351 366
351 366
352 366
352 366
353 366
353 366
353 366
354 366
354 366
355 366
355 366
356 366
356 366
357 367
358 366
359 366
359 366
360 367
361 367
362 367
362 367
363 367
364 367
364 366
365 366
366 366
366 366
367 366
368 366
368 366
369 367
370 367
371 366
372 367
372 367
373 367
374 367
374 367
375 367
376 367
377 367
377 367
378 367
378 367
379 367
380 367
381 367
382 367
383 367
384 367
385 367
385 367
386 367
387 367
388 367
389 367
390 367
391 367
391 367
392 367
393 367
393 367
394 368
394 368
395 368
395 368
396 367
396 367
397 367
397 367
398 367
399 367
399 367
399 367
400 367
400 367
400 367
401 367
401 367
401 367
402 368
402 368
403 368
403 368
403 368
404 368
405 368
405 368
406 368
406 368
407 368
407 368
408 368
409 368
409 368
409 368
410 368
411 368
411 368
412 368
413 368
413 368
414 368
414 368
415 368
416 369
417 369
417 369
418 369
418 369
419 369
419 369
420 369
420 369
421 369
422 369
423 369
423 369
423 369
424 369
425 369
425 369
426 370
426 370
427 370
427 370
428 370
428 370
429 370
430 370
431 370
431 370
432 370
432 370
432 370
433 370
433 370
434 370
434 370
434 370
435 370
436 370
436 370
437 370
437 370
438 370
438 370
439 370
440 370
440 371
441 371
441 371
442 371
442 371
443 371
443 371
444 371
444 371
445 372
445 372
446 372
446 372
447 372
448 372
448 372
449 372
449 373
450 373
450 373
451 373
452 373
452 373
453 373
454 373
455 373
456 373
457 374
457 374
458 374
458 374
459 374
460 374
460 374
461 374
461 374
462 374
462 374
462 374
462 375
463 375
463 374
464 374
464 374
464 374
464 374
464 374
465 374
465 373
465 373
464 373
464 373
464 373
464 372
463 372
463 372
463 371
463 371
463 371
462 370
461 370
461 370
460 369
459 369
459 368
459 368
458 367
458 367
458 366
457 366
457 365
456 365
455 364
455 364
454 363
454 362
453 362
452 361
451 360
450 360
450 359
449 358
448 358
448 357
447 356
446 356
445 355
445 354
444 354
443 353
442 352
442 352
441 351
441 350
440 350
440 349
439 349
438 348
437 348
437 347
436 346
436 346
436 345
435 345
435 344
434 344
434 343
433 343
433 342
432 342
432 341
432 341
431 341
431 340
430 340
429 339
428 339
428 338
427 338
427 337
426 336
425 336
425 335
424 334
423 334
422 333
422 332
421 332
420 331
420 331
419 330
419 329
418 329
417 328
417 328
416 327
416 327
415 326
415 326
414 325
413 325
413 324
412 324
412 324
411 323
411 323
411 322
410 322
410 321
409 321
409 320
408 320
407 319
407 319
407 318
406 318
406 317
405 317
405 316
404 316
403 315
403 315
402 314
402 314
401 313
400 313
400 312
399 311
398 311
398 310
397 310
396 309
396 309
395 308
394 308
394 307
393 307
393 306
392 306
392 305
391 305
391 305
391 304
390 304
390 303
389 303
389 303
388 302
388 302
387 301
387 301
386 300
385 300
385 299
384 299
384 299
383 298
383 298
382 297
382 297
381 297
381 296
380 296
379 295
379 295
378 295
378 294
377 294
377 293
377 293
376 293
376 293
375 292
375 292
375 292
374 291
374 291
374 291
373 290
373 290
373 290
372 289
372 289
372 289
371 288
371 288
370 288
370 287
370 287
369 287
369 286
368 286
368 286
368 286
367 285
367 285
367 285
366 285
366 284
366 284
365 284
365 283
365 283
364 283
364 282
363 282
363 282
363 281
362 281
362 281
362 281
361 281
361 280
361 280
360 280
360 280
360 279
360 279
359 279
359 279
359 279
358 278
358 278
358 278
357 278
357 277
357 277
356 277
356 277
356 277
356 276
356 276
355 276
355 276
355 276
355 276
355 276
355 276
355 275
355 275
355 275
354 275
354 275
354 275
354 275
354 275
354 275
354 275
354 275
354 275
354 275
354 275
354 275
354 275
354 275
354 275
353 275
353 275
353 275
353 275
353 275
353 275
353 275
353 275
353 275
353 275
353 275
353 275
353 275
353 275
353 275
353 276
353 276
353 276
353 276
353 276
353 276
353 276
353 275
353 275
353 275
353 275
353 274
353 274
353 274
353 274
353 273
353 273
353 273
264 369
264 370
264 370
264 370
263 370
264 370
264 371
264 371
264 371
264 372
264 372
264 372
264 373
264 373
264 373
264 373
264 373
264 373
264 373
264 374
264 374
264 374
264 374
265 374
264 374
264 374
264 374
264 374
265 374
265 374
265 374
265 374
265 374
264 375
264 374
264 375
264 375
264 375
264 375
264 375
264 375
264 375
264 375
264 375
264 375
264 375
264 375
264 375
264 375
265 375
265 375
265 376
264 376
264 376
264 376
264 377
264 377
264 377
264 378
264 378
264 378
264 379
264 379
264 380
264 380
264 381
264 381
264 382
264 383
263 383
264 384
264 384
264 385
264 386
264 386
264 387
264 387
264 388
264 389
264 389
264 390
264 391
264 391
264 392
264 393
264 394
264 394
264 395
264 396
264 397
264 397
264 398
264 399
264 400
264 400
263 401
264 402
264 402
264 403
264 404
264 405
264 405
264 406
264 407
264 408
265 408
264 409
264 410
265 411
265 411
265 412
264 413
264 413
264 414
264 415
264 415
264 416
264 416
264 417
264 418
265 419
265 419
265 420
264 420
264 421
264 422
264 422
264 423
264 423
264 424
264 424
264 425
264 425
263 426
264 427
264 427
264 428
264 428
263 429
263 429
264 430
264 431
264 431
264 432
264 432
264 433
264 434
264 434
264 435
264 435
264 436
265 437
264 437
264 438
263 438
263 439
263 439
263 440
263 441
263 441
263 442
263 442
263 443
263 443
264 444
264 445
263 445
262 446
262 446
262 447
262 448
262 448
262 449
262 450
262 450
262 451
262 451
262 452
262 453
262 453
262 454
263 454
263 455
263 456
263 456
263 457
263 458
262 458
262 459
262 460
262 461
262 461
263 462
263 463
263 463
263 464
263 465
264 465
264 466
264 467
263 467
263 468
263 469
263 469
263 470
262 470
262 471
261 472
262 472
261 473
262 474
262 474
261 475
261 475
261 476
262 476
262 477
262 477
262 478
261 478
261 479
262 479
261 480
260 480
261 480
261 481
261 481
261 481
260 482
260 482
260 482
259 482
260 483
260 483
261 483
261 483
261 484
261 484
261 484
262 484
262 484
263 484
263 484
263 484
264 484
265 485
265 485
265 485
266 484
266 484
266 484
267 484
266 484
268 484
270 484
270 484
270 484
271 484
271 484
271 484
272 484
273 484
274 484
275 484
276 484
276 483
277 483
278 484
279 484
280 484
281 484
281 484
282 484
282 483
283 483
284 484
285 483
286 484
288 484
289 484
292 484
293 484
294 483
295 483
296 483
297 483
298 483
299 483
299 483
300 483
301 483
301 483
302 483
303 483
303 482
304 482
306 482
307 482
308 482
309 482
310 482
311 482
312 482
313 482
313 482
314 482
314 482
315 482
316 482
317 482
317 482
318 482
319 482
320 482
320 481
321 481
323 481
324 481
325 481
326 481
328 481
328 481
330 481
330 481
331 481
331 481
332 481
333 481
334 481
335 481
336 481
337 481
337 481
339 481
340 481
340 481
341 481
341 481
342 481
342 481
343 481
344 481
344 481
344 481
345 481
346 481
347 481
348 481
349 481
349 481
349 481
350 481
351 481
350 481
351 481
352 481
353 481
354 481
354 481
355 481
356 481
357 481
358 481
359 481
360 481
361 481
361 481
362 481
363 481
363 481
364 481
364 481
365 481
366 481
367 481
367 481
368 481
369 481
370 481
371 481
372 481
372 481
373 481
373 481
374 481
375 481
375 481
376 481
377 481
377 481
378 481
379 481
380 481
381 481
381 481
381 481
382 481
383 481
383 481
385 481
385 481
385 481
386 481
387 481
388 481
388 481
389 481
390 481
390 481
391 481
392 481
392 481
394 481
395 481
396 481
396 481
396 481
397 481
398 481
398 481
398 481
400 481
399 481
400 481
401 481
401 481
402 481
403 481
403 481
404 481
406 481
407 481
408 481
410 481
411 481
411 482
411 482
413 482
412 482
414 482
414 482
415 482
416 482
416 482
417 482
417 482
418 482
418 482
419 482
419 482
420 482
421 482
421 482
421 482
422 482
422 482
423 482
424 482
425 482
425 482
425 482
426 482
426 482
427 482
427 482
427 482
428 482
429 482
429 482
430 482
430 482
430 482
430 482
431 482
431 482
432 482
433 482
434 482
433 482
434 482
434 482
434 482
435 482
435 482
435 482
436 482
436 482
437 482
437 482
438 482
438 482
438 482
439 482
439 482
439 482
440 482
441 482
441 482
442 482
442 482
443 482
445 482
444 482
445 482
445 482
447 482
446 482
446 482
446 482
447 482
447 482
447 483
448 483
448 483
448 482
449 483
449 482
449 482
450 482
449 482
449 482
450 482
450 482
450 481
450 481
451 481
450 481
451 481
450 481
450 481
450 480
450 480
450 480
450 480
450 480
450 480
450 479
450 479
450 479
450 479
450 478
450 478
450 478
450 478
451 477
450 477
450 477
451 477
451 476
451 476
451 476
450 475
450 475
450 475
450 474
450 474
450 474
450 473
451 473
450 473
450 472
450 472
449 471
450 471
450 471
450 470
450 470
450 469
450 469
450 469
450 468
450 467
450 467
450 467
450 466
450 466
450 465
449 465
449 464
449 464
449 463
449 463
449 462
449 462
448 461
448 460
448 460
448 459
448 459
449 458
449 457
450 457
450 456
450 456
450 455
451 454
451 454
450 453
451 452
451 452
451 451
450 451
451 450
451 449
450 448
450 448
450 447
450 446
451 446
450 445
451 444
451 444
450 443
451 442
451 442
450 441
450 441
451 440
451 439
451 439
451 438
451 438
451 437
451 437
451 436
451 435
451 435
451 434
451 434
451 433
451 432
451 432
451 431
451 430
451 430
451 429
450 429
450 428
450 428
450 427
450 426
450 426
450 425
450 425
450 424
450 424
450 423
450 422
450 422
450 421
450 421
449 420
449 420
450 420
450 419
450 419
450 418
450 418
450 417
450 417
450 416
450 416
450 415
451 415
450 414
450 414
450 413
450 413
450 413
450 412
450 412
450 411
450 411
449 411
449 410
449 410
449 409
449 409
449 409
449 408
449 408
449 408
449 407
449 407
449 407
449 407
449 406
449 406
449 406
449 406
449 406
449 405
449 405
448 405
448 404
448 404
448 404
448 403
448 403
448 402
448 402
448 401
448 401
448 400
448 400
449 399
449 399
449 399
449 398
449 398
449 397
448 397
448 397
449 396
449 396
449 396
449 395
449 395
449 394
449 394
449 394
449 393
448 393
449 392
449 392
449 391
449 391
449 391
449 390
449 390
449 389
449 389
449 388
449 388
449 388
449 387
449 387
449 387
448 386
449 386
449 385
449 385
449 384
449 384
448 384
448 383
448 383
448 383
448 383
448 382
448 382
448 382
448 381
448 381
448 381
448 381
448 380
448 380
448 380
448 379
448 379
448 379
449 378
449 378
449 378
448 378
448 377
448 377
448 377
448 377
448 377
448 376
448 376
448 376
448 376
448 376
448 375
448 375
448 375
448 375
448 375
448 375
448 375
448 375
448 375
449 374
449 374
449 374
449 374
449 374
448 374
448 374
448 374
448 374
448 374
448 374
447 374
448 374
448 374
448 374
448 374
448 374
448 374
448 374
448 374
448 374
448 374
448 374
448 374
448 374
448 374
448 374
448 374
448 374
448 374
448 374
448 374
448 374
448 374
447 374
447 374
448 374
447 374
448 374
447 374
448 374
448 374
448 374
448 373
448 373
447 372
447 372
447 371
447 371
446 371
447 370
447 370
288 388
288 388
288 388
288 388
288 389
288 389
288 389
288 389
288 389
288 389
288 390
288 390
288 390
288 390
288 390
288 390
288 391
288 391
288 391
289 391
289 391
289 391
289 391
289 391
289 391
289 392
289 392
289 392
289 392
288 392
288 392
288 392
288 392
288 392
288 392
288 392
288 392
289 392
289 392
289 392
289 392
290 392
289 392
288 392
288 392
288 392
289 392
288 392
288 392
289 392
289 392
288 392
288 392
288 392
288 392
288 392
288 392
288 393
289 393
289 393
289 393
288 394
288 394
288 394
288 395
288 395
288 395
288 396
287 396
288 396
288 397
288 397
288 398
288 398
288 398
288 399
287 399
288 400
287 400
287 400
287 401
287 401
287 401
287 402
287 402
287 402
287 403
287 403
287 403
287 403
287 404
286 404
286 404
286 405
286 405
287 405
287 406
287 406
287 406
287 407
287 407
286 407
286 408
287 408
287 408
287 409
286 409
286 409
286 410
286 410
286 411
286 411
286 412
287 412
287 413
286 413
286 414
287 415
286 415
286 416
286 416
286 417
286 417
286 418
286 418
286 419
286 419
286 420
286 420
286 420
285 421
286 421
286 422
286 422
286 423
286 423
286 424
286 424
286 425
286 425
286 425
287 426
287 426
287 427
287 427
287 428
287 428
287 429
287 429
288 430
288 430
287 431
287 431
287 432
288 432
287 433
287 433
288 434
287 434
287 434
287 435
287 435
287 436
287 436
287 437
287 437
287 437
287 438
287 438
287 438
287 438
287 439
287 439
287 439
287 439
287 439
288 440
288 440
288 440
288 440
288 440
289 440
289 440
289 440
289 440
289 441
289 441
290 441
290 441
290 441
291 441
292 441
292 441
292 441
293 441
293 441
293 441
294 441
294 441
295 441
296 441
297 441
297 441
298 441
299 441
299 441
300 441
301 441
302 441
302 441
303 441
304 441
305 441
306 441
307 441
307 441
308 441
309 440
309 440
310 440
310 440
311 440
311 440
312 440
312 440
313 440
313 440
314 440
315 440
316 440
317 440
317 440
318 440
318 440
319 440
320 440
320 440
321 440
322 440
322 439
323 439
324 439
324 439
325 439
325 439
325 439
325 439
325 439
326 439
326 439
327 439
327 439
328 439
329 438
329 438
330 438
331 438
332 438
332 438
332 438
333 438
334 438
335 438
335 438
336 438
336 438
336 438
338 438
339 438
339 438
339 438
340 438
340 438
341 438
341 437
341 437
341 437
342 437
342 437
343 437
343 437
344 437
344 437
345 437
345 437
346 437
346 437
346 437
347 437
347 437
347 437
347 437
348 436
349 436
349 436
349 436
349 436
350 436
350 436
350 435
350 435
350 435
350 435
350 435
350 434
350 434
351 434
351 434
351 434
351 433
351 433
351 433
351 432
351 432
351 432
351 431
350 431
351 430
351 430
350 429
350 429
351 428
351 427
351 427
351 426
351 426
351 425
351 425
351 424
350 424
350 423
350 423
350 422
350 422
350 421
350 421
351 420
351 420
351 419
351 419
350 418
350 418
350 417
351 417
351 417
351 416
352 416
351 415
351 415
351 414
351 414
351 413
351 413
351 412
351 412
351 411
350 411
351 411
351 410
351 410
351 409
351 408
351 408
351 407
351 407
351 406
351 405
351 405
352 404
352 404
351 403
351 402
351 402
351 401
351 401
351 400
351 400
351 399
351 399
351 398
351 398
351 398
351 397
351 397
350 396
351 396
351 395
351 395
351 395
351 394
351 394
351 394
351 393
351 393
351 393
351 392
351 392
351 392
350 391
350 391
350 391
350 390
351 390
351 390
351 390
351 389
350 389
350 389
350 389
350 389
350 388
350 388
350 388
350 388
350 388
350 388
350 388
350 388
350 388
350 388
350 388
350 388
350 388
349 388
349 388
349 388
349 388
349 388
349 388
348 388
348 388
348 388
347 388
347 388
346 388
346 388
345 388
344 388
343 388
342 388
342 388
341 388
341 388
340 388
340 388
339 388
338 388
337 388
336 388
335 388
335 388
334 388
334 388
333 388
332 388
332 388
331 388
330 388
329 388
328 388
328 388
327 388
327 388
326 389
325 389
325 389
324 389
324 389
323 389
322 389
322 389
321 389
321 389
320 389
319 389
319 389
318 389
318 389
317 389
317 389
316 389
316 389
315 390
314 390
314 390
313 390
313 390
313 390
312 390
312 390
311 390
310 390
310 390
309 390
309 390
309 390
308 390
308 390
307 390
307 390
307 390
307 390
306 390
305 390
305 390
305 390
304 391
304 391
304 391
304 391
303 391
302 391
302 391
302 391
302 391
301 391
301 391
300 391
300 391
299 391
299 391
299 391
298 391
298 391
298 391
297 391
297 391
296 391
295 391
295 391
295 391
295 391
293 391
293 391
293 391
293 391
292 391
292 391
291 391
291 391
290 391
289 391
289 391
288 391
288 391
288 391
288 391
288 391
288 391
288 391
287 391
287 391
287 391
287 391
287 391
287 391
287 391
287 391
287 391
287 391
287 391
287 391
287 391
287 391
287 391
288 391
288 391
288 391
288 392
289 392
288 392
288 392
288 392
288 392
288 392
287 392
287 391
287 391
287 390
287 390
287 390
287 389
288 389
287 388
287 388
288 387
374 478
375 478
375 479
375 479
376 479
375 480
375 480
375 480
375 480
376 480
377 480
377 480
376 480
376 480
377 481
376 481
377 481
377 481
377 481
377 481
377 481
377 481
377 481
376 481
376 481
376 481
375 482
376 481
376 481
375 481
375 481
375 481
375 481
376 481
375 481
376 481
375 480
376 480
376 480
376 480
376 480
376 480
376 479
375 479
376 479
376 479
376 479
376 478
377 478
377 478
377 478
378 477
377 477
377 477
377 476
376 476
376 476
376 475
376 475
376 475
376 474
376 474
376 474
376 473
376 473
376 473
376 472
376 472
376 471
376 471
376 471
375 470
376 470
376 469
376 469
376 468
376 468
376 468
376 467
375 467
375 466
375 465
376 465
376 464
376 464
376 463
376 462
376 462
377 461
376 460
376 460
376 459
377 458
377 458
376 457
377 457
376 456
376 456
376 455
376 455
376 454
375 454
375 453
375 452
375 452
375 451
375 450
375 450
375 449
375 448
375 448
375 447
375 446
375 445
375 445
375 444
375 443
375 442
375 442
375 441
375 440
375 440
375 439
375 438
375 437
375 437
375 436
376 435
376 435
376 434
376 433
376 433
376 432
376 431
376 431
377 430
377 430
376 429
376 429
376 428
375 428
375 427
375 427
375 426
375 425
375 425
375 424
375 423
375 423
375 422
374 421
374 421
374 420
374 420
375 419
375 418
375 418
375 417
375 416
375 416
375 415
375 414
375 414
375 413
375 412
375 412
376 411
376 410
376 410
376 409
377 408
377 408
377 407
377 407
377 406
378 405
377 405
377 405
377 404
377 404
377 403
377 403
377 402
377 402
377 402
377 401
376 401
377 401
377 400
377 400
377 399
377 399
377 398
376 398
376 398
376 397
376 397
376 396
376 396
376 396
376 395
376 395
376 394
376 394
376 393
376 393
376 392
376 392
376 392
376 391
376 391
376 391
377 390
377 390
377 390
376 390
377 390
377 389
376 389
377 389
377 389
377 389
377 389
377 389
378 389
377 388
377 388
378 388
378 388
378 388
378 388
378 388
378 388
379 388
379 388
379 388
380 388
380 388
380 388
380 388
381 388
381 388
381 388
381 388
381 388
382 388
382 388
383 388
384 388
384 388
385 388
385 388
385 388
386 388
387 388
387 388
388 388
389 388
390 388
390 388
391 388
391 388
392 388
392 388
393 388
393 389
394 389
394 389
395 389
396 389
396 389
397 389
397 389
398 389
399 389
399 389
400 389
401 389
401 389
402 389
402 389
403 389
403 389
404 389
405 389
406 389
407 389
408 389
408 389
409 389
410 389
410 389
411 389
412 389
412 389
413 389
413 389
413 389
414 389
414 389
415 389
416 389
416 389
416 389
417 389
417 389
417 389
418 389
418 389
419 389
419 389
419 390
419 390
420 390
421 390
421 390
421 390
421 390
421 390
421 390
421 390
422 390
422 390
422 390
422 391
423 391
423 391
423 391
423 391
423 392
423 392
424 392
424 392
423 393
423 393
424 393
424 394
424 394
424 394
424 395
424 395
424 395
424 396
425 396
425 397
425 397
425 397
425 398
425 398
425 399
426 399
426 400
425 400
425 401
425 401
425 402
425 402
425 402
425 403
425 403
425 404
425 404
425 405
425 406
425 406
426 407
425 407
425 408
425 409
425 409
425 410
425 411
425 411
425 412
425 413
425 413
425 414
425 415
425 415
425 416
425 417
425 417
425 418
425 419
424 420
425 421
425 421
425 422
425 423
425 424
425 424
425 425
425 426
425 426
425 427
426 427
426 428
426 429
426 429
425 430
425 431
425 431
425 432
425 433
425 433
425 434
425 435
425 435
425 436
425 437
425 437
426 438
425 438
425 439
425 440
425 440
425 441
425 441
425 442
425 442
425 443
425 443
425 444
425 444
425 445
425 446
425 446
424 447
424 447
425 448
425 449
424 449
424 450
425 450
425 451
425 451
425 452
425 452
424 453
424 453
424 454
424 454
423 455
424 455
424 456
424 456
424 457
424 457
424 458
424 458
424 459
425 459
424 460
424 460
424 461
425 461
425 462
425 462
425 463
425 463
425 463
425 464
425 464
425 465
426 466
425 466
425 467
425 467
425 468
425 468
426 468
426 469
426 469
426 470
427 470
427 470
426 471
425 471
426 471
426 472
426 472
426 473
426 473
426 473
425 474
425 474
425 474
425 475
425 475
425 475
425 476
425 476
426 476
426 476
425 477
426 477
425 477
425 477
425 478
425 478
424 478
424 478
425 479
426 479
425 479
425 479
425 479
425 479
424 480
424 480
425 480
425 480
425 480
425 480
425 480
425 480
425 480
425 480
425 480
425 480
424 480
424 480
424 480
425 480
425 480
426 480
425 480
425 480
425 480
425 480