356 273
356 273
356 273
356 273
356 273
356 273
356 273
356 273
356 273
356 273
356 273
357 273
357 273
357 273
357 273
357 273
357 273
357 273
357 273
357 273
357 273
357 273
358 273
358 273
358 273
358 273
358 273
358 273
358 273
358 273
358 273
358 273
358 273
358 273
358 273
359 273
359 273
359 273
359 273
359 273
359 273
359 273
360 273
360 273
360 273
360 273
360 273
360 273
361 273
361 273
361 273
361 273
361 273
361 273
361 273
362 273
362 273
362 273
362 273
362 272
363 272
363 272
363 272
363 272
363 272
363 272
364 272
364 272
364 272
364 272
364 272
365 272
365 272
365 272
365 272
365 272
366 272
366 272
366 272
366 272
366 272
367 272
367 272
367 272
367 272
368 272
368 272
368 272
369 273
369 273
369 273
369 273
370 273
370 273
370 273
370 273
371 273
371 273
371 273
371 273
371 273
371 273
371 273
371 273
372 273
372 273
372 273
372 273
372 273
372 273
372 273
372 273
372 273
373 273
373 274
373 274
373 274
374 274
374 274
374 274
374 274
374 274
375 274
375 274
375 274
375 274
376 274
376 274
376 274
376 274
376 274
376 274
377 274
377 274
377 274
377 274
377 274
378 274
378 274
378 274
378 274
379 274
379 274
379 274
380 274
380 274
380 274
380 274
380 275
381 275
381 275
382 275
382 275
382 275
383 275
383 275
383 275
384 275
384 275
385 275
385 275
385 275
386 275
386 275
387 276
387 276
387 276
388 276
388 276
388 276
389 276
389 276
389 276
390 276
390 276
390 276
391 277
391 277
391 277
392 277
392 277
392 277
393 277
393 277
393 277
394 278
394 278
394 278
395 278
395 278
395 278
395 278
396 278
396 278
396 278
396 279
396 279
396 279
397 279
397 279
397 279
397 279
397 279
398 279
398 279
398 279
398 279
398 280
398 280
398 280
399 280
399 280
399 280
399 280
399 280
399 280
400 280
400 280
400 280
400 280
400 281
401 281
401 281
401 281
401 281
401 281
402 281
402 281
402 282
402 282
403 282
403 282
403 282
403 282
404 283
404 283
404 283
405 283
405 283
405 284
405 284
406 284
406 284
407 284
407 285
407 285
408 285
408 285
409 285
409 286
409 286
410 286
410 286
410 287
411 287
411 287
412 287
412 288
413 288
413 288
414 289
414 289
415 289
415 289
416 290
416 290
417 290
417 291
418 291
418 291
419 291
419 292
419 292
420 292
421 293
421 293
421 293
422 294
422 294
423 294
423 294
423 295
424 295
424 295
425 295
425 296
425 296
426 296
426 297
426 297
426 298
427 298
427 298
428 298
428 299
429 299
429 299
429 300
429 300
430 300
430 300
430 301
431 301
431 301
432 302
432 302
432 302
432 303
433 303
433 303
433 304
433 304
434 304
434 305
434 305
434 305
434 306
434 306
435 306
435 307
435 307
435 307
436 308
436 308
436 308
437 308
437 309
437 309
438 309
438 309
438 309
438 310
439 310
439 310
439 310
439 311
440 311
440 311
440 311
440 312
440 312
441 312
440 313
441 313
441 313
441 313
441 314
442 314
442 314
442 315
442 315
443 315
443 316
443 316
443 316
443 317
444 317
444 318
444 318
444 319
445 319
445 319
445 320
446 320
446 320
446 321
446 321
447 321
447 321
447 322
447 322
448 322
448 322
448 323
448 323
448 323
448 323
448 324
448 324
448 324
448 324
449 325
449 325
449 325
449 325
449 326
449 326
450 326
450 327
450 327
450 327
451 328
451 328
451 329
451 329
451 330
452 330
452 330
452 331
452 331
453 331
453 332
453 332
453 332
453 333
453 333
453 333
453 334
454 334
454 335
454 335
454 335
454 336
454 336
455 337
455 337
455 338
455 338
455 339
455 339
455 339
455 340
455 340
455 341
456 341
456 341
456 342
456 342
456 342
456 343
456 343
456 344
456 344
456 345
456 345
456 346
456 346
456 347
456 347
457 348
457 348
457 349
457 349
457 350
457 350
458 351
458 351
458 352
458 352
459 353
459 353
459 353
459 354
460 354
460 355
460 355
460 355
460 356
460 356
460 357
460 357
460 358
461 358
461 359
461 359
461 360
461 360
462 361
462 361
462 362
462 362
462 363
462 363
462 364
462 365
462 365
462 366
462 367
462 367
462 368
462 368
462 369
463 369
462 370
462 370
463 371
463 371
462 372
462 372
462 373
462 373
462 374
462 374
462 375
462 375
462 376
462 376
462 377
462 377
462 378
463 378
462 378
462 379
462 379
462 380
462 381
462 381
462 381
462 382
462 382
461 383
461 383
462 384
462 384
462 385
461 385
462 386
461 386
462 387
462 387
461 388
461 388
461 389
461 389
461 389
461 390
461 390
461 391
461 391
460 392
460 392
460 393
459 393
459 394
459 394
459 395
458 395
458 396
457 397
457 397
457 398
457 398
457 399
457 399
457 400
457 400
457 401
457 401
456 402
456 402
456 403
456 403
456 404
455 404
455 405
455 405
455 406
455 406
455 407
455 407
455 408
455 408
455 408
455 409
454 409
454 410
454 410
455 411
454 411
454 412
454 412
454 413
453 413
453 414
453 415
453 415
453 416
452 416
452 417
452 417
451 418
451 419
451 419
451 420
450 420
449 421
449 421
449 422
449 422
448 423
449 423
449 424
448 424
448 425
448 425
447 426
447 427
447 427
445 428
445 429
445 429
444 430
444 430
444 431
444 431
443 432
443 432
442 433
442 433
442 434
442 434
441 435
441 435
441 436
441 436
441 436
440 437
440 437
440 438
439 438
439 439
438 440
438 440
437 441
437 441
437 442
436 442
435 443
435 443
435 444
434 444
434 445
433 445
433 445
432 446
432 446
432 447
431 447
431 447
430 448
429 448
428 449
428 449
427 450
427 450
426 451
425 451
425 451
424 452
424 452
423 453
423 453
422 454
422 454
421 454
421 455
421 455
420 456
420 456
419 457
419 457
418 458
418 458
418 458
417 459
417 459
416 459
416 459
416 460
414 460
414 460
414 461
414 461
413 461
413 461
413 461
412 462
412 462
412 462
412 462
411 463
411 463
411 463
410 463
409 464
409 464
408 464
407 464
406 465
406 465
405 465
405 465
405 465
404 466
404 466
403 466
403 466
403 467
403 467
402 467
401 467
401 468
401 468
400 468
399 469
398 469
397 470
397 470
396 470
395 470
395 471
394 471
393 471
393 472
393 472
392 472
392 472
391 472
390 472
390 473
389 473
388 473
388 473
387 474
386 474
385 474
385 474
383 474
383 474
383 475
382 475
381 475
380 475
379 475
379 475
378 475
378 475
377 476
376 476
375 476
375 476
374 476
374 476
373 476
372 476
371 476
371 476
370 477
369 477
368 477
368 477
367 477
366 478
365 478
364 478
363 478
363 478
362 478
361 478
360 479
360 479
360 479
359 479
359 479
358 479
358 479
357 479
357 479
356 479
355 479
355 479
356 479
355 479
355 479
355 479
355 479
354 480
354 480
353 480
353 480
352 480
351 480
351 480
350 480
350 480
350 480
349 480
348 480
348 480
347 480
346 480
345 480
345 480
344 480
343 480
342 479
342 479
342 479
341 479
341 479
340 479
340 479
340 479
339 479
339 479
338 479
338 478
337 478
336 478
335 478
335 478
334 478
333 478
332 477
331 477
330 477
330 477
331 477
331 477
330 477
330 477
328 477
328 477
328 477
328 476
327 476
327 476
326 476
326 476
325 476
325 475
325 475
324 475
324 475
324 475
323 475
322 474
322 474
321 474
321 473
320 473
319 473
319 473
319 472
318 472
318 472
317 472
317 472
316 471
315 471
315 471
315 471
315 471
314 471
314 471
313 470
313 470
313 470
313 470
312 470
311 469
310 469
310 469
310 469
310 468
309 468
308 468
307 467
308 467
307 467
307 467
306 466
306 466
304 465
304 465
303 465
302 464
301 464
301 464
301 463
301 463
300 463
300 462
300 462
299 462
300 461
299 461
298 460
297 460
297 460
296 459
295 459
294 458
294 458
294 458
293 457
293 457
293 456
292 456
293 456
292 455
291 455
291 454
290 454
289 454
289 453
288 452
287 452
286 452
286 451
285 451
285 450
284 450
284 449
283 449
283 449
283 448
282 448
282 447
281 447
281 446
280 446
280 446
280 445
280 445
280 444
279 444
280 444
279 443
279 443
279 442
279 442
278 441
278 441
277 441
277 440
276 440
276 439
276 439
276 439
275 438
275 438
274 437
274 437
273 437
273 436
273 436
272 436
272 435
272 435
271 434
271 434
271 434
271 433
271 433
270 432
270 432
270 432
270 431
270 431
270 430
269 430
269 429
269 429
269 428
268 428
268 427
268 427
267 427
267 426
267 426
267 425
266 425
266 425
266 424
266 424
266 424
265 423
265 423
264 422
265 422
264 421
264 421
263 420
263 420
263 419
263 419
263 418
263 418
262 417
262 416
261 416
261 415
262 415
262 414
261 414
260 413
260 412
260 412
260 411
260 410
259 410
259 409
259 409
259 408
258 407
258 406
258 406
258 405
258 405
258 404
258 403
258 403
258 402
257 402
257 401
257 400
257 400
256 399
256 398
256 398
256 397
256 397
255 396
256 396
255 395
255 395
255 394
254 394
254 393
254 392
254 392
253 391
253 391
253 390
254 390
253 389
253 389
253 388
253 388
253 387
253 387
253 387
254 386
254 386
254 385
253 384
253 384
253 384
253 383
253 383
253 382
253 382
253 381
253 381
253 380
253 380
253 379
253 379
253 378
253 378
253 377
253 377
253 376
252 375
252 375
252 374
252 374
252 373
252 373
252 372
252 372
252 371
252 371
252 370
253 370
253 369
253 369
253 368
253 368
253 367
254 367
254 366
254 366
254 366
254 365
254 365
254 364
254 364
254 363
254 363
254 362
254 362
255 361
255 361
255 360
255 359
255 359
255 358
256 358
256 357
256 357
256 356
256 355
256 355
257 355
257 354
257 354
257 353
257 352
258 352
258 351
258 350
258 350
258 349
258 349
259 348
259 348
259 347
259 347
259 346
260 346
260 345
260 345
260 344
260 344
260 343
260 343
261 342
261 341
261 341
261 340
261 340
262 339
262 338
262 338
262 337
263 337
263 336
263 336
263 335
264 334
264 334
264 333
265 333
265 332
265 332
265 331
265 331
266 330
266 330
266 329
266 329
266 328
266 328
267 328
267 327
267 327
267 326
268 326
268 326
269 325
269 325
269 324
269 324
270 323
270 323
271 322
271 322
271 321
272 320
272 320
272 319
273 319
273 318
273 318
274 317
274 317
274 316
274 316
275 315
275 315
276 314
276 313
277 313
277 313
278 312
278 312
278 311
279 311
279 311
279 310
280 310
280 310
280 309
281 309
281 308
282 308
282 308
282 307
283 307
283 306
283 306
284 306
284 305
285 305
285 305
286 304
286 304
286 304
287 303
287 303
288 303
288 303
288 302
289 302
289 302
290 301
290 301
290 300
291 300
291 300
292 299
292 299
292 299
293 298
294 298
294 297
294 297
295 297
295 296
296 296
296 296
296 295
297 295
297 295
297 295
298 294
298 294
299 294
299 293
299 293
300 293
300 292
301 292
301 292
302 291
302 291
303 290
303 290
304 290
304 289
305 289
305 289
306 288
306 288
307 288
307 287
308 287
308 287
308 287
309 287
309 286
309 286
310 286
310 286
311 285
311 285
311 285
311 285
312 285
312 285
312 284
312 284
312 284
313 284
313 284
313 284
313 284
313 284
314 283
314 283
314 283
314 283
314 283
315 283
315 283
315 283
315 282
316 282
316 282
316 282
317 282
317 281
318 281
318 281
319 281
319 281
319 280
320 280
320 280
320 280
321 280
321 280
322 279
322 279
322 279
323 279
323 279
323 279
324 279
324 278
325 278
325 278
325 278
326 278
326 278
326 278
327 278
327 278
328 277
328 277
329 277
329 277
330 277
330 277
330 277
331 277
331 277
332 276
332 276
332 276
333 276
333 276
334 276
334 276
335 276
335 276
336 276
336 275
337 275
338 275
338 275
339 275
339 275
340 275
340 275
341 275
341 275
342 275
342 275
342 274
343 274
343 274
344 274
344 274
344 274
345 274
345 274
345 274
345 274
346 274
346 274
346 274
346 274
347 274
347 274
347 274
347 274
348 274
348 274
348 274
348 274
348 274
348 274
349 274
349 274
349 274
349 274
349 274
349 274
349 274
349 273
349 273
350 273
350 273
350 273
350 273
351 273
351 273
351 273
351 273
352 273
352 273
352 273
352 273
352 273
352 273
353 273
353 273
353 273
353 273
353 273
354 273
354 273
354 273
354 273
354 273
354 273
354 273
354 273
354 273
354 273
354 273
354 273