355 275
355 275
355 275
355 275
355 275
355 275
355 275
355 275
355 275
355 275
355 275
355 275
355 275
355 275
355 275
355 275
355 275
356 275
356 275
356 275
356 275
356 276
356 276
356 276
356 276
356 276
356 276
356 276
356 276
357 276
357 276
357 276
357 276
357 276
357 276
357 276
357 276
357 276
357 277
357 277
357 277
357 277
357 277
357 277
357 277
357 277
357 278
357 278
357 278
358 278
358 278
358 278
358 279
358 279
357 279
357 279
357 279
358 279
358 279
358 279
358 280
358 280
358 280
358 280
358 280
358 280
358 280
358 280
358 280
358 280
358 281
358 281
358 281
358 281
358 281
358 281
358 281
358 281
358 281
358 281
358 282
358 282
358 282
359 282
359 282
359 282
359 282
359 283
359 283
359 283
359 283
359 283
359 283
359 283
359 283
359 284
359 284
359 284
359 284
359 284
359 284
359 284
360 284
360 284
360 284
360 285
360 285
360 285
360 285
360 285
360 286
360 286
360 286
360 286
360 286
360 287
360 287
360 287
360 287
360 288
360 288
361 288
361 288
361 288
361 289
361 289
361 289
361 290
361 290
361 290
361 290
361 291
361 291
361 291
362 292
362 292
362 292
362 293
362 293
362 293
362 294
362 294
363 294
363 294
363 294
363 295
363 295
363 295
363 296
363 296
363 296
363 297
363 297
363 297
363 298
363 298
364 298
364 299
364 299
364 299
364 299
364 300
365 300
364 300
365 301
365 301
365 301
365 301
365 302
365 302
365 302
365 303
366 303
366 303
366 303
366 304
366 304
366 304
366 305
366 305
366 305
366 305
366 306
366 306
367 307
367 307
367 307
367 308
367 308
367 308
367 309
367 309
367 310
367 310
367 310
367 311
368 311
368 311
368 312
368 312
368 312
368 312
368 313
368 313
368 313
368 314
368 314
368 314
369 314
369 315
369 315
369 315
369 316
369 316
369 316
369 317
369 317
369 317
369 317
370 318
370 318
370 318
370 319
370 319
370 319
370 319
371 319
371 320
371 320
371 320
371 320
371 321
371 321
371 321
371 321
371 321
371 322
371 322
371 322
371 322
372 323
372 323
372 323
372 324
372 324
372 324
372 325
372 325
372 325
372 325
373 326
373 326
373 326
373 327
373 327
373 327
373 328
373 328
374 328
374 328
374 329
374 329
374 329
374 329
374 329
374 330
374 330
375 330
375 330
375 331
375 331
375 331
375 331
376 332
376 332
376 332
376 333
376 333
376 333
376 333
376 334
376 334
376 334
376 335
376 335
376 335
376 335
376 336
376 336
376 336
376 336
376 336
376 337
376 337
376 337
377 337
377 338
377 338
377 338
377 338
377 338
377 338
377 339
377 339
377 339
377 339
377 339
378 340
378 340
378 340
378 340
378 341
378 341
378 341
378 341
379 341
378 342
379 342
379 342
379 342
379 342
379 343
379 343
379 343
379 343
379 343
379 343
379 344
380 344
380 344
380 344
380 344
380 344
380 344
380 344
380 345
380 345
380 345
380 345
380 345
380 345
380 346
380 346
380 346
380 346
380 346
380 347
380 347
380 347
380 347
380 347
381 348
381 348
381 348
381 348
381 348
381 349
381 349
381 349
382 349
382 349
382 349
382 349
382 349
382 350
381 350
382 350
382 350
382 350
382 350
382 350
383 350
383 350
383 350
383 350
383 350
383 351
383 351
383 351
383 351
383 351
383 351
383 351
383 351
383 351
383 351
383 351
383 351
383 351
384 351
384 351
384 351
385 351
385 351
385 351
385 351
386 351
386 351
386 351
387 351
387 351
388 351
388 351
388 351
389 351
389 351
390 351
390 351
390 351
390 351
391 351
391 351
391 351
392 351
392 351
392 351
392 351
393 351
393 351
394 351
394 351
394 351
394 351
394 351
395 351
395 351
395 351
396 351
396 350
396 351
397 350
397 351
398 350
398 350
399 350
399 350
399 350
399 350
400 350
400 350
400 350
401 350
401 350
401 350
402 350
402 350
403 350
403 350
403 350
403 350
404 350
404 350
404 350
404 350
404 350
405 350
405 350
406 350
406 350
406 350
407 350
407 350
407 350
407 350
408 350
408 350
408 350
409 350
409 350
409 350
409 349
410 349
410 349
410 349
411 349
411 349
411 349
411 349
411 349
411 349
412 349
412 349
412 349
413 349
413 349
413 349
413 349
414 349
414 349
414 349
415 349
415 349
415 349
415 349
416 349
416 349
416 349
417 348
417 348
417 348
418 348
418 348
418 348
419 348
419 348
419 348
420 348
420 348
420 348
420 348
421 348
421 348
421 348
421 348
421 348
421 348
422 348
422 348
422 348
423 348
423 348
423 348
424 348
424 348
424 348
425 348
425 348
425 348
425 348
425 348
425 348
426 348
426 348
426 348
427 348
427 348
428 348
428 348
428 348
429 348
429 348
430 348
430 348
430 348
431 348
431 348
432 348
432 348
433 348
433 348
433 347
433 348
433 348
433 348
434 347
434 347
434 347
434 347
435 347
435 347
435 347
436 347
436 347
436 347
436 347
436 347
436 347
436 347
437 347
437 347
437 347
438 347
438 347
438 347
439 347
439 347
440 347
440 347
440 347
441 347
441 347
442 347
442 347
443 347
443 347
443 347
444 347
445 347
445 347
445 347
445 346
445 346
445 347
446 346
446 346
447 346
447 346
447 346
447 346
448 346
448 346
448 346
448 346
448 346
448 346
448 346
448 346
448 346
448 346
448 346
449 346
449 346
449 346
449 346
449 346
449 347
449 347
449 347
449 347
450 346
450 347
450 347
450 347
451 347
451 347
451 347
452 347
452 347
453 347
453 347
453 347
454 346
454 346
454 347
454 347
455 346
455 347
455 346
456 346
456 346
457 346
457 346
458 346
458 346
459 346
459 346
459 346
459 346
460 346
460 346
460 346
461 346
461 346
461 346
461 346
461 346
462 346
461 346
462 346
462 346
462 346
462 346
463 346
463 346
463 346
463 346
463 346
463 346
463 346
463 346
462 346
463 346
462 346
462 346
463 346
463 346
463 346
463 347
463 347
463 347
462 347
462 347
462 347
462 347
462 347
462 348
462 348
462 348
462 348
461 348
461 348
461 348
461 348
461 348
461 349
461 349
461 349
461 349
460 349
460 350
460 350
459 350
459 350
459 350
459 351
458 351
458 351
458 351
458 351
457 352
457 352
456 352
456 352
456 353
455 353
455 353
455 353
455 353
455 353
455 354
455 354
454 354
454 354
454 354
454 354
453 355
453 355
452 355
452 355
451 356
451 356
450 356
450 357
449 357
449 357
449 357
449 357
449 357
448 358
448 358
448 358
447 358
447 358
447 359
446 359
446 359
446 360
445 360
445 360
445 361
444 361
444 361
444 361
444 361
443 362
443 362
443 362
442 363
442 363
442 363
441 363
441 364
440 364
440 364
440 365
440 365
439 365
438 366
438 366
438 366
438 367
437 367
437 367
436 368
435 368
435 368
435 369
435 369
434 369
434 370
433 370
433 370
433 371
432 371
432 371
431 372
431 372
431 372
430 372
430 373
430 373
429 373
429 373
429 374
428 374
428 374
428 375
427 375
427 375
426 375
426 376
426 376
426 376
426 376
425 377
425 377
424 377
424 378
424 378
424 378
423 378
423 379
423 379
423 379
422 379
422 379
422 379
422 380
422 380
422 380
422 380
421 381
420 381
420 381
420 381
419 382
419 382
418 382
418 383
417 383
417 383
416 384
416 384
416 384
415 385
415 385
414 385
413 386
413 386
413 386
413 387
413 387
412 387
412 388
412 388
412 388
411 388
411 388
411 389
410 389
410 390
410 390
410 390
409 391
409 391
408 391
408 392
407 392
407 392
407 393
406 393
406 393
406 393
406 393
406 393
405 394
405 394
405 394
405 394
404 394
404 395
404 395
403 395
403 395
402 396
402 396
402 396
402 396
402 397
402 397
402 397
401 397
402 397
401 397
401 397
401 397
400 397
400 398
400 398
400 398
400 398
399 398
399 399
398 399
399 399
398 399
398 399
397 399
397 399
398 399
398 400
398 400
398 400
398 400
397 400
397 400
397 400
397 401
396 401
396 401
396 401
396 401
396 401
396 401
396 402
396 402
395 402
395 402
395 402
395 402
395 402
395 402
395 402
395 402
395 402
395 402
395 402
395 402
395 402
395 402
395 402
395 402
395 402
396 402
396 402
396 402
396 402
396 403
396 403
396 403
396 403
397 403
397 403
397 403
398 403
398 403
398 403
398 403
399 403
399 404
400 404
400 404
400 404
400 405
399 405
400 406
400 406
400 406
400 407
400 407
400 408
400 408
401 408
401 409
401 409
401 410
402 410
402 410
402 411
402 411
402 412
402 412
403 412
403 413
403 413
402 414
402 414
403 414
403 415
403 415
404 415
404 415
404 416
404 416
404 416
404 417
405 417
405 417
405 418
405 418
405 418
405 418
405 419
405 419
405 419
405 419
405 420
405 420
405 420
405 420
405 421
405 421
405 421
405 421
405 422
405 422
405 422
405 422
404 423
404 423
405 423
405 423
405 424
405 424
406 424
405 424
406 424
406 425
406 425
406 425
406 425
406 425
407 426
407 426
407 426
407 426
407 426
407 427
407 427
407 427
407 427
407 428
407 428
407 428
408 429
407 429
407 429
407 429
408 430
408 430
408 430
408 430
408 430
408 431
408 431
408 431
408 431
408 431
409 432
409 432
408 432
408 432
408 433
408 433
408 433
408 433
408 434
408 434
409 434
409 434
409 434
409 435
409 435
409 435
409 436
409 436
409 436
409 436
409 437
409 437
410 437
410 437
410 438
411 438
411 438
411 438
411 439
411 439
411 440
412 440
412 440
413 441
413 441
412 442
412 442
412 442
412 443
412 443
412 443
413 443
413 444
412 444
412 444
412 445
412 445
413 445
413 445
413 445
413 446
412 446
413 446
412 446
413 447
413 447
413 447
413 447
413 448
413 448
413 448
413 448
414 448
414 449
415 449
415 449
415 449
415 450
415 450
415 450
415 451
415 451
416 451
416 452
415 452
416 452
416 453
416 453
417 453
417 454
417 454
417 454
417 455
417 455
417 455
417 455
417 456
417 456
417 456
417 457
417 457
417 457
417 458
417 458
417 459
417 459
417 459
417 460
416 460
416 461
416 461
416 462
417 462
417 462
418 463
418 463
418 463
418 464
418 464
419 464
419 464
419 464
419 465
419 465
419 465
419 465
419 466
419 466
419 466
419 467
419 467
419 467
418 468
418 468
418 468
418 469
418 469
419 469
419 470
419 470
420 470
419 470
420 470
420 470
421 471
421 471
421 471
421 471
421 471
421 472
421 472
420 472
420 473
419 473
420 473
420 473
420 474
420 474
420 474
420 474
420 475
421 475
421 475
421 475
421 476
420 476
421 476
421 476
421 476
421 477
421 477
421 477
422 477
422 477
422 477
422 477
421 477
421 478
421 478
421 478
421 478
421 478
421 478
421 478
421 478
420 478
420 478
420 478
420 478
419 478
419 478
419 477
418 477
418 477
418 477
418 477
417 477
417 477
417 477
417 476
416 476
415 476
415 476
414 476
415 476
414 476
414 476
414 475
414 475
413 475
413 475
413 475
413 474
412 474
411 474
411 473
410 473
409 473
409 472
408 472
407 472
406 471
406 471
406 471
406 470
406 470
406 470
405 469
405 469
405 469
405 468
404 468
405 468
404 467
403 467
404 467
404 467
403 466
404 466
404 465
404 465
404 465
403 465
402 464
402 464
401 464
401 463
400 463
400 463
400 462
399 462
399 462
398 461
398 461
398 461
397 460
396 460
396 460
395 459
394 459
393 459
393 459
392 458
392 458
392 458
391 457
391 457
390 456
390 456
389 456
388 455
388 455
388 455
388 454
387 454
387 454
386 453
387 453
386 453
385 453
385 452
384 452
384 452
384 451
383 451
383 451
382 451
382 450
381 450
381 450
381 450
381 449
380 449
380 449
379 449
379 448
379 448
378 448
377 448
377 447
377 447
377 447
376 447
376 446
375 446
375 446
375 446
374 445
373 445
373 445
372 444
372 444
372 444
371 443
371 443
370 443
370 443
370 442
370 442
369 441
369 441
368 441
368 440
367 440
367 440
367 440
367 439
366 439
366 439
365 438
365 438
365 438
365 438
365 437
365 437
364 437
364 437
364 437
363 436
363 436
363 436
362 436
362 436
361 436
362 435
362 435
361 435
361 435
361 435
361 435
361 435
360 435
360 435
360 435
359 435
359 435
359 434
360 434
360 434
360 434
360 434
360 434
359 434
359 434
359 433
358 433
358 433
358 433
358 433
358 433
357 433
357 433
357 433
357 433
357 433
357 433
357 433
357 433
357 432
357 432
356 433
356 433
356 433
356 432
356 433
357 432
356 433
356 433
356 433
356 433
356 433
356 433
356 433
356 433
357 433
356 433
356 433
356 433
356 433
356 434
355 434
355 434
355 434
355 434
355 434
355 434
355 434
354 435
354 435
353 435
353 435
353 435
353 436
352 436
352 436
352 436
351 436
351 436
350 437
350 437
350 437
350 437
350 437
349 438
349 438
349 438
349 438
348 438
347 438
346 438
346 438
346 438
346 439
345 439
346 439
346 439
346 439
346 439
346 440
345 440
345 440
345 440
345 441
344 441
344 441
344 441
344 442
344 442
343 442
343 442
342 443
342 443
341 443
341 443
341 444
341 444
341 444
340 445
340 445
340 445
339 445
339 446
338 446
338 446
337 446
337 447
336 447
336 447
335 447
335 448
335 448
334 448
334 448
334 449
334 449
334 449
333 450
333 450
333 450
333 450
333 451
332 451
332 451
332 451
332 452
332 452
332 452
332 452
331 452
331 452
331 452
331 453
331 453
331 453
331 453
331 453
331 453
330 453
330 453
330 454
330 454
330 454
330 454
330 454
329 454
329 455
328 455
328 455
328 455
328 455
328 455
327 455
327 456
327 456
326 456
326 456
326 457
325 457
325 457
325 457
324 458
324 458
324 458
323 459
322 459
322 459
321 460
321 460
321 460
320 461
320 461
319 461
319 461
320 462
319 462
319 462
319 462
319 463
318 463
318 463
317 463
317 464
317 464
317 464
316 464
316 465
315 465
315 465
315 466
315 466
315 466
314 466
314 466
314 467
314 467
314 467
314 467
314 468
314 468
313 468
313 468
312 468
312 468
312 469
311 469
311 469
311 470
310 470
309 470
309 470
309 470
308 471
308 471
308 471
307 471
306 472
305 472
305 472
305 472
304 472
304 473
304 473
304 473
303 473
303 473
302 473
302 474
303 474
302 474
302 474
302 475
302 475
302 475
301 475
301 475
301 476
301 476
301 476
300 476
300 476
300 477
300 477
300 477
301 477
300 477
301 478
300 478
299 478
299 478
299 478
299 478
299 479
299 479
299 479
299 479
299 479
299 479
298 479
298 479
297 480
296 479
296 479
295 480
295 480
295 480
295 480
295 480
295 480
295 480
295 480
294 480
294 480
294 480
293 480
293 480
293 480
293 480
293 480
292 480
293 480
294 480
294 480
293 480
292 480
292 480
293 480
294 480
294 480
294 480
294 480
294 480
294 480
294 480
293 480
292 479
292 479
292 479
293 479
294 479
294 479
294 479
294 479
294 479
294 479
294 478
294 478
294 478
294 478
293 478
294 478
294 478
295 478
295 477
295 477
295 477
295 477
295 476
295 476
295 476
295 475
294 475
295 475
295 475
295 474
295 474
295 474
295 473
294 473
294 473
294 472
294 472
295 472
295 471
296 471
296 471
297 470
297 470
297 469
296 469
297 469
297 468
297 468
298 467
298 467
298 466
299 466
299 466
299 465
299 465
299 464
298 464
298 463
299 463
299 463
299 462
299 462
300 461
300 461
300 461
301 460
301 460
302 460
302 459
302 459
301 458
301 458
302 457
302 457
303 456
303 456
303 456
303 455
303 454
303 454
303 453
303 453
303 452
303 452
304 451
304 451
304 451
304 450
305 450
304 449
304 449
304 448
304 448
304 447
304 447
305 447
305 446
305 446
304 445
304 444
305 444
305 444
306 443
306 443
306 442
306 442
307 441
307 441
307 441
307 440
307 440
307 439
307 439
306 439
306 438
306 438
306 438
307 437
307 437
307 436
307 436
307 436
306 435
307 435
307 434
307 434
307 434
308 433
308 433
308 433
308 432
308 432
308 432
308 431
308 431
308 430
307 430
308 429
308 429
308 429
309 428
309 428
310 428
309 427
310 427
309 427
310 426
310 426
310 426
310 425
310 425
311 425
310 424
310 424
310 423
310 423
310 423
311 422
311 422
311 422
312 422
312 421
312 421
312 420
312 420
313 420
313 419
313 419
313 419
313 419
314 418
313 418
313 418
314 418
314 417
314 417
314 417
314 417
314 416
314 416
314 416
314 416
314 416
314 415
315 415
315 415
315 415
315 415
315 414
315 414
315 414
316 414
316 413
317 413
316 413
316 413
317 412
317 412
317 412
317 411
317 411
317 411
318 410
318 410
318 410
318 409
318 409
318 409
319 409
318 408
318 408
318 408
319 408
319 407
319 407
319 406
320 406
319 406
320 406
319 405
319 405
319 405
319 404
320 404
319 404
319 404
319 404
319 403
319 403
319 403
319 403
319 403
319 403
319 403
319 402
319 402
319 402
320 402
320 402
320 402
320 402
320 402
320 402
320 402
320 402
320 402
320 402
320 402
320 401
320 401
319 401
319 401
319 401
319 401
319 401
318 401
318 400
317 400
317 400
316 400
317 400
316 400
315 399
315 399
315 399
314 399
314 398
313 398
313 398
313 397
313 397
312 397
312 397
312 396
311 396
311 396
311 396
310 395
309 395
309 395
309 395
308 394
307 394
307 394
307 393
306 393
305 393
305 392
305 392
304 391
304 391
303 391
303 390
302 390
302 390
302 389
301 389
301 389
301 388
300 388
299 388
299 388
299 387
298 387
298 387
297 386
297 386
297 386
296 386
296 385
295 385
295 385
294 384
294 384
293 384
293 384
292 383
292 383
291 383
290 382
290 382
290 382
289 382
289 381
289 381
288 381
288 381
287 381
287 380
287 380
286 380
285 380
285 379
285 379
285 379
284 379
285 378
284 378
283 378
283 378
282 377
282 377
281 377
281 377
281 376
280 376
280 376
279 375
279 375
278 375
278 374
278 374
277 374
277 373
276 373
276 373
276 372
275 372
275 372
275 372
275 371
274 371
274 371
273 370
273 370
272 370
272 370
271 369
271 369
271 369
270 368
270 368
270 368
269 368
269 367
268 367
268 367
268 366
267 366
267 366
267 366
266 365
265 365
265 365
265 364
264 364
263 364
263 363
263 363
262 363
262 362
262 362
261 362
261 361
260 361
260 361
259 360
259 360
258 360
257 359
257 359
256 359
256 359
256 358
256 358
256 358
255 358
255 358
255 357
254 357
254 357
254 357
254 357
254 357
253 356
253 356
253 356
253 356
253 356
253 355
253 355
252 355
252 355
252 355
252 354
251 354
251 354
251 354
251 354
250 353
250 353
250 353
250 353
250 353
250 353
250 353
250 353
250 353
250 353
250 353
250 353
251 353
251 353
251 353
251 353
251 353
251 353
251 352
252 352
252 352
252 352
253 352
253 352
253 352
253 352
253 352
254 352
254 352
254 352
254 352
255 352
255 352
255 352
256 352
256 353
256 352
256 352
256 353
257 353
257 353
257 353
257 353
257 353
257 353
258 353
258 353
258 353
258 353
258 353
258 353
258 353
259 353
258 353
258 353
258 353
259 353
259 353
259 353
259 353
259 353
259 353
259 353
258 353
258 353
258 353
259 354
259 354
259 354
259 353
259 353
259 353
259 353
259 353
259 353
260 353
260 353
260 353
260 353
261 353
262 353
262 353
262 353
263 353
263 353
264 353
264 353
265 353
265 353
266 353
266 353
267 353
267 353
268 353
268 353
269 353
269 353
270 353
271 353
272 353
273 353
274 353
274 353
275 353
276 353
277 353
278 353
278 353
279 353
280 353
280 353
281 353
281 353
282 353
283 353
283 353
284 353
285 353
285 353
286 353
287 353
287 353
288 353
289 353
289 353
290 353
291 353
291 353
291 353
292 352
292 352
292 352
292 352
293 352
293 352
293 352
293 352
294 352
294 352
294 352
295 352
295 352
295 352
296 352
296 352
296 352
297 352
297 352
297 352
297 352
298 352
298 352
298 352
299 352
299 352
300 352
300 352
300 352
301 352
301 352
302 352
302 352
302 352
302 352
303 352
303 352
303 352
304 352
304 352
304 352
305 352
305 352
305 352
305 352
306 352
306 352
306 352
306 352
307 352
307 352
308 352
308 352
308 352
308 352
309 352
309 352
309 352
309 352
310 352
310 352
310 352
311 352
311 352
311 352
312 352
312 352
312 352
313 352
313 352
314 353
314 353
314 353
315 353
315 352
316 352
316 352
316 353
317 352
317 352
318 352
318 352
319 352
320 352
320 352
321 352
321 352
322 352
322 352
323 352
323 352
323 352
323 352
324 352
324 352
325 352
325 352
326 352
326 352
326 352
327 352
327 352
328 352
328 352
328 352
329 352
329 352
329 352
330 352
330 352
330 352
330 352
331 352
331 352
331 352
331 352
331 352
331 352
331 352
331 352
332 352
332 352
332 351
332 351
332 351
333 351
333 351
333 351
333 351
333 351
333 351
333 351
333 351
333 350
333 350
333 350
334 350
334 350
334 350
334 349
334 349
334 349
335 349
335 348
335 348
335 348
335 348
335 348
335 347
335 347
335 347
335 347
335 347
335 346
335 346
335 346
335 345
336 345
336 345
336 345
336 344
336 344
336 344
336 344
336 343
336 343
336 343
336 343
336 343
336 343
336 342
337 342
337 342
337 342
337 342
337 342
337 342
337 342
337 342
337 341
337 341
337 341
337 341
337 341
337 340
337 340
337 340
337 340
337 340
337 340
337 340
337 339
337 339
337 339
337 338
337 338
337 338
337 338
337 337
337 337
338 337
338 337
337 337
337 336
337 336
337 335
338 335
338 334
338 334
338 334
338 333
338 333
338 332
338 332
338 331
338 331
338 330
339 330
339 329
339 329
339 329
339 328
340 328
340 327
340 327
340 326
340 326
340 325
340 325
340 324
340 324
340 324
340 323
340 323
340 322
340 322
340 321
341 321
341 321
341 320
341 320
341 319
341 319
341 318
341 318
341 317
341 317
342 317
342 316
342 316
342 315
342 315
343 314
343 314
343 314
343 313
343 313
343 312
343 312
343 311
343 311
344 310
344 310
344 309
344 309
344 308
344 308
344 307
344 307
344 306
344 306
345 305
345 305
345 304
345 304
345 304
345 303
345 303
345 303
345 302
345 302
346 302
346 301
346 301
346 300
346 300
346 300
346 299
346 299
346 299
346 298
347 298
347 297
347 297
347 296
347 296
347 296
347 295
348 295
348 294
348 294
348 293
348 293
348 292
348 291
348 291
348 290
348 290
348 289
349 289
349 288
349 287
349 287
349 286
349 286
349 285
350 285
350 284
350 284
350 284
350 283
350 283
350 282
350 282
350 282
350 281
351 281
351 280
351 280
351 279
351 279
351 279
352 278
352 278
352 278
352 277
352 277
352 277
352 277
352 276
352 276
353 276
353 276
353 276
353 276
353 276
353 276
353 275
353 275
353 275
353 275
353 275
353 275
353 275
353 275
353 275
353 275
353 275
354 275
354 275
354 275
354 275
354 275
354 275
354 275
354 275
354 275
354 275
354 275
354 275
354 275
354 275
354 275
354 275
354 275
354 275
354 275
354 275
354 275
354 275
353 275
353 275
353 275
353 275
353 275
353 275
353 275
353 275
353 275
353 275
353 275
353 275
353 275
353 275
353 275
353 275
353 275
353 275
353 275
353 275
352 275
353 275
353 275
353 275
353 275
353 275
352 275
352 276
352 276
352 276
352 276
352 276
352 276
352 276
352 276
352 276
352 276
352 276
352 276
352 276
352 276
352 276
352 276
352 276
352 276
352 276
353 276
353 276
353 276
353 276
353 276
353 276
353 276
353 276
353 276
352 276
353 276
352 276
352 276
352 276
352 276
352 276
352 276
353 276
353 276
353 276
353 276
353 276
353 276
353 276