357 275
357 275
357 275
357 276
358 276
358 276
358 276
358 276
358 276
358 276
358 276
358 277
359 277
359 277
359 277
359 277
359 277
359 277
360 277
360 278
360 278
360 278
360 278
360 278
361 278
361 279
361 279
361 279
361 279
362 279
362 279
362 280
362 280
362 280
362 280
363 280
363 280
363 280
363 280
363 280
363 281
363 281
363 281
364 281
364 281
364 282
364 282
364 282
364 282
365 282
365 283
365 283
365 283
365 283
365 283
365 284
365 284
366 284
366 284
366 284
366 285
366 285
366 285
366 285
366 285
366 286
367 286
367 286
367 287
367 287
367 287
367 287
368 288
368 288
368 288
368 289
368 289
368 289
369 290
369 290
369 290
369 291
369 291
370 291
370 292
370 292
370 292
370 293
370 293
370 293
371 294
371 294
371 295
371 295
372 295
372 296
372 296
372 297
372 297
372 298
373 298
373 299
373 299
373 299
373 300
373 300
374 301
374 301
374 301
374 302
375 302
375 302
375 303
375 303
375 303
375 304
376 304
376 304
376 305
376 305
376 305
376 305
376 306
376 306
376 306
376 306
376 306
376 307
376 307
376 307
377 307
377 308
377 308
377 308
377 308
377 309
377 309
377 309
377 309
378 310
378 310
378 310
378 310
378 311
378 311
378 311
378 311
378 312
378 312
378 312
378 313
378 313
378 313
379 314
379 314
379 314
379 314
379 315
379 315
379 315
379 315
379 316
379 316
379 316
379 317
379 317
379 317
379 317
379 318
379 318
380 318
380 318
380 318
380 319
380 319
381 319
381 319
381 319
381 319
381 319
382 320
382 320
382 320
383 320
383 320
383 320
384 320
384 320
384 321
385 321
385 321
385 321
386 321
386 321
386 321
386 321
387 321
387 321
387 321
387 321
387 321
388 322
388 322
388 321
388 322
388 322
388 322
388 322
389 322
389 322
389 322
389 322
389 322
389 322
390 322
390 322
390 322
390 323
391 323
391 323
392 323
392 323
392 323
392 323
392 323
393 323
393 323
393 324
393 324
393 324
394 324
394 324
394 324
394 324
394 324
394 324
395 324
395 325
395 325
396 325
396 325
396 326
397 326
397 326
397 326
397 327
398 327
398 327
398 327
399 328
399 328
400 328
400 329
400 329
400 329
401 329
401 330
401 330
402 330
402 331
402 331
402 331
402 331
402 332
403 332
403 332
403 333
403 333
403 333
404 334
404 334
404 334
404 335
404 335
405 335
405 336
405 336
405 337
405 337
405 337
405 338
406 338
406 338
406 339
406 339
406 339
407 340
407 340
407 340
407 341
407 341
407 341
408 341
408 341
408 342
408 342
408 342
408 342
408 343
408 343
408 343
408 344
408 344
408 344
408 344
408 345
409 345
409 345
409 345
409 346
410 346
410 346
410 346
410 346
410 346
410 346
410 346
410 346
410 347
411 347
411 347
411 347
411 347
411 347
412 347
412 347
412 347
413 347
413 347
413 347
414 347
414 347
415 347
415 347
416 347
416 347
417 347
417 347
417 347
418 347
419 347
420 347
420 347
420 347
421 347
422 347
422 347
423 347
423 347
424 347
424 347
425 347
425 347
426 347
427 347
427 347
428 347
428 347
429 347
430 347
430 347
430 347
431 347
431 347
432 347
432 348
433 348
433 348
434 347
434 348
434 348
434 348
435 348
435 348
435 348
436 348
436 348
436 348
437 348
437 348
438 348
439 348
439 347
440 347
440 347
441 348
441 348
441 348
442 348
442 348
443 348
443 348
443 348
444 348
444 348
444 348
445 348
445 348
445 348
446 348
446 348
446 348
447 348
447 348
448 348
448 349
449 349
449 349
449 349
450 349
450 349
451 349
451 349
452 349
452 349
453 350
453 350
453 350
454 350
454 350
454 350
454 350
455 350
455 350
455 350
455 350
455 350
455 350
455 350
456 350
456 350
455 350
456 350
455 351
455 351
455 351
455 351
455 351
455 351
455 351
455 351
454 351
454 352
454 352
454 352
453 352
453 352
453 352
453 352
452 352
452 353
451 353
451 353
451 353
450 353
450 353
449 353
449 354
449 354
448 354
448 354
447 354
447 354
447 354
446 355
446 355
445 355
445 355
444 355
444 356
443 356
443 356
442 356
442 356
441 357
441 357
440 357
440 357
440 357
439 358
439 358
439 358
438 358
438 358
438 359
437 359
437 359
437 359
436 359
436 360
436 360
436 360
435 360
435 360
435 360
434 361
434 361
434 361
434 361
434 361
433 362
433 362
433 362
432 362
432 362
432 362
431 363
431 363
431 363
431 363
431 363
431 364
431 364
431 364
431 364
431 364
431 364
431 364
431 364
431 365
430 365
430 365
430 365
430 365
430 365
430 365
430 365
430 365
431 365
431 365
431 365
431 365
431 365
432 366
432 366
432 366
432 366
433 366
433 366
434 366
434 366
435 366
435 366
436 366
436 366
436 366
437 366
437 366
438 367
438 367
439 367
439 367
440 367
440 367
441 368
441 368
442 368
442 368
442 368
443 369
444 369
444 369
445 369
445 369
446 370
447 370
447 370
448 370
449 370
449 371
450 371
451 371
452 371
452 371
452 372
453 372
453 372
453 372
454 373
454 373
455 373
455 373
455 373
456 374
456 374
456 374
456 374
456 374
457 374
458 375
458 375
459 375
459 375
459 375
460 375
460 375
461 376
461 376
461 376
461 376
462 376
462 376
462 376
462 377
462 377
462 377
462 377
462 377
463 377
463 377
463 377
463 378
463 378
462 378
462 378
462 378
462 378
461 378
462 378
461 378
461 378
461 378
461 379
461 379
461 379
460 379
460 379
459 379
459 379
458 379
458 379
458 379
458 379
457 380
457 380
456 380
456 380
456 380
456 380
455 380
455 380
455 380
454 380
454 380
454 380
453 380
453 380
452 381
452 381
451 381
451 381
450 381
449 381
449 381
448 381
447 381
447 381
447 381
447 381
446 381
446 382
446 382
445 382
445 382
444 382
444 382
444 382
444 382
443 382
443 382
442 383
442 383
442 383
441 383
440 383
440 383
439 383
439 384
438 384
438 384
437 384
437 384
436 384
435 385
435 385
435 385
434 385
434 385
434 385
433 385
432 385
432 386
431 386
430 386
430 386
429 386
428 386
428 387
427 387
427 387
426 387
426 387
425 388
424 388
424 388
423 388
423 388
422 389
422 389
422 389
422 389
421 389
421 389
420 390
420 390
420 390
420 390
419 390
419 390
419 390
419 391
419 391
418 391
418 391
417 391
417 392
417 392
417 392
417 392
417 392
417 392
417 392
416 393
416 393
416 393
415 393
415 393
416 393
416 393
416 393
415 393
415 393
415 393
415 393
416 393
416 393
416 393
416 393
416 393
417 394
417 394
418 394
418 394
418 394
419 394
419 394
419 394
419 394
420 395
420 395
421 395
421 395
421 395
422 395
422 395
423 395
423 396
423 396
423 396
424 396
425 396
425 396
425 396
426 396
426 397
426 397
427 397
427 397
428 397
428 397
429 397
429 397
429 397
429 397
429 397
430 398
430 398
430 398
430 398
430 398
430 398
430 398
430 398
429 398
430 398
429 399
430 399
429 399
429 399
430 399
430 399
430 399
429 399
430 399
430 399
429 399
429 399
429 399
429 399
429 399
428 399
428 399
428 399
428 399
428 399
427 399
427 399
426 399
426 399
425 399
425 399
425 399
425 399
424 399
423 399
423 399
422 399
422 399
421 399
421 399
421 399
420 399
420 399
420 399
419 399
418 399
418 399
418 400
418 400
417 400
417 400
416 400
416 400
415 400
414 400
413 400
413 400
412 400
412 400
411 400
410 400
410 400
409 400
409 401
408 401
407 401
407 401
406 401
405 401
405 401
405 401
405 401
404 401
404 401
404 401
403 401
403 402
403 402
402 402
402 402
402 402
401 402
401 402
400 402
400 402
399 402
399 402
398 402
398 402
398 402
397 402
398 402
398 402
398 402
397 403
397 403
397 403
396 403
396 403
396 403
396 403
396 403
395 403
395 403
395 404
395 404
395 404
395 404
395 404
395 404
394 404
395 404
395 404
395 404
394 404
394 404
394 404
393 404
392 404
393 404
393 404
393 404
393 404
394 404
394 404
394 404
394 404
394 404
394 404
394 404
393 404
393 404
393 404
393 404
394 404
394 404
393 404
393 404
393 404
393 404
393 404
392 404
392 404
393 404
393 404
392 404
392 405
392 405
392 405
392 405
391 405
391 405
391 405
391 405
390 405
390 405
390 405
390 405
390 405
390 405
390 405
390 405
390 405
389 406
389 406
389 406
388 406
388 406
388 406
388 406
388 406
388 406
388 406
388 406
388 406
388 406
388 406
388 406
388 406
389 406
389 406
389 406
388 406
388 406
388 406
388 406
388 406
388 406
388 406
388 406
388 406
387 406
388 406
388 406
388 406
388 405
389 405
389 405
389 405
389 405
389 405
388 405
389 405
389 404
389 404
389 404
389 404
389 404
390 404
389 404
389 403
389 403
389 403
389 403
389 402
389 402
389 402
390 402
353 270
353 270
353 270
353 271
353 271
352 271
352 272
352 272
352 272
352 272
352 273
352 273
352 273
352 273
352 274
352 274
352 274
352 274
352 274
352 274
352 275
352 275
352 275
352 275
352 275
352 275
352 275
352 275
352 275
352 275
352 275
352 275
352 275
352 275
352 275
352 276
352 276
352 275
352 275
352 275
351 275
351 275
351 275
351 275
351 275
351 275
351 275
351 275
351 275
350 275
350 275
350 275
350 275
350 275
350 275
350 275
350 275
350 275
349 274
349 274
349 274
349 274
349 274
349 274
348 274
348 274
348 274
348 274
348 274
348 274
347 274
347 274
347 274
347 274
347 273
347 273
347 273
347 273
347 273
347 273
346 273
346 273
346 273
346 273
346 273
346 273
346 273
346 273
345 273
345 273
345 273
345 272
344 272
344 272
344 272
344 272
343 272
343 271
343 271
342 271
342 271
342 271
341 271
341 270
341 270
340 270
340 270
340 270
339 270
339 269
339 269
339 269
339 269
338 269
338 269
338 269
338 269
337 268
337 268
337 268
337 268
337 268
336 267
336 267
335 267
335 267
334 267
334 266
333 266
333 266
332 266
332 265
331 265
331 265
331 265
330 265
330 264
329 264
329 264
328 264
328 264
328 264
327 264
327 264
326 263
326 263
326 263
325 263
325 263
325 263
325 263
324 263
324 263
324 263
324 263
323 263
323 262
322 262
322 262
322 262
321 262
321 262
320 262
320 262
320 262
319 262
319 261
318 261
318 261
318 261
317 261
317 261
316 261
316 261
315 261
315 261
314 261
314 261
314 261
313 261
313 261
313 261
313 261
312 261
312 261
312 261
312 261
312 261
311 261
311 261
311 261
311 261
311 261
311 261
311 261
311 261
311 261
311 261
311 261
311 261
311 261
311 261
311 261
311 262
311 262
312 262
312 262
312 262
312 263
312 263
313 263
313 264
313 264
313 265
314 265
314 265
315 266
315 267
315 267
315 268
316 268
316 269
317 269
317 270
317 270
317 271
318 271
318 272
319 273
319 273
319 274
320 274
320 275
321 276
321 276
321 277
322 278
322 278
323 279
323 279
323 280
324 280
324 281
324 281
325 282
325 282
325 283
325 283
326 284
326 284
326 285
327 285
327 286
327 286
327 287
328 287
328 288
328 288
329 289
329 289
329 290
329 290
330 291
330 291
330 292
330 292
331 293
331 293
331 294
331 295
331 295
332 296
332 296
332 297
332 297
333 297
333 298
333 298
334 299
334 299
334 300
334 300
334 301
335 301
335 302
335 302
335 303
335 303
335 303
335 304
336 304
336 305
336 305
336 305
336 306
337 306
337 307
337 307
337 308
337 308
337 308
338 309
338 309
338 310
338 310
338 310
338 311
338 311
338 311
338 312
338 312
339 313
339 313
339 313
339 314
339 314
339 314
339 315
339 315
339 315
339 315
339 316
339 316
339 316
339 316
339 316
339 316
339 316
339 316
339 316
339 316
339 316
339 317
339 317
339 317
339 317
339 317
339 317
339 317
339 317
339 317
338 317
338 317
338 317
338 317
338 317
338 316
337 316
337 316
337 316
337 316
337 316
336 316
336 316
336 316
336 315
335 315
335 315
335 315
334 315
334 314
333 314
333 314
332 313
332 313
331 313
331 313
330 312
330 312
329 311
329 311
328 311
327 310
327 310
326 309
325 309
325 309
324 308
323 308
322 307
322 307
321 307
320 306
319 306
319 306
318 305
317 305
317 305
316 305
316 304
315 304
315 304
314 304
314 304
313 303
313 303
312 303
312 303
312 303
311 303
311 303
310 303
310 302
310 302
309 302
308 302
308 302
307 302
307 302
306 302
306 302
305 302
305 302
304 302
303 302
303 302
302 302
302 302
301 302
301 302
301 302
300 302
300 302
299 302
299 302
298 302
298 302
298 302
297 302
297 302
296 302
296 302
295 302
295 302
295 302
294 302
294 302
293 302
293 302
293 302
292 302
292 302
291 302
291 302
290 303
290 303
289 303
289 303
288 303
288 303
287 303
287 304
286 304
285 304
285 304
284 304
284 304
283 305
283 305
282 305
281 305
281 305
280 306
280 306
279 306
278 306
278 307
277 307
277 307
276 307
276 307
275 308
275 308
274 308
274 308
274 308
273 308
273 308
273 308
273 309
272 309
272 309
272 309
271 309
271 310
271 310
270 310
270 310
270 310
269 311
269 311
269 311
268 311
268 311
268 311
267 312
267 312
267 312
266 312
266 312
266 313
265 313
265 313
265 314
265 314
264 314
264 315
263 315
263 315
263 316
262 316
262 317
262 317
261 318
261 318
260 318
260 319
259 319
259 320
259 320
258 320
258 321
258 321
257 321
257 322
257 322
257 322
256 323
256 323
256 323
255 324
255 324
255 324
254 324
254 325
254 325
254 325
253 325
253 326
253 326
253 327
252 327
252 327
251 328
251 328
251 329
250 329
250 330
250 330
249 330
249 331
249 331
248 332
248 332
248 332
247 333
247 333
247 333
246 334
246 334
246 334
246 335
246 335
246 335
246 335
245 335
245 335
246 336
246 336
246 336
246 336
246 336
246 336
246 336
246 336
246 336
246 336
246 336
247 336
247 336
248 336
249 336
249 336
250 336
250 336
251 336
252 336
252 336
253 336
254 336
255 336
256 336
256 336
257 336
257 336
258 336
258 336
259 336
259 336
260 336
260 336
261 336
262 336
262 336
263 336
264 336
265 336
265 336
266 337
266 337
267 337
268 337
269 337
269 337
270 337
270 337
271 337
271 338
272 338
273 338
274 338
274 338
275 339
275 339
276 339
277 339
277 339
278 340
279 340
279 340
280 340
281 341
281 341
282 341
283 341
283 342
284 342
285 342
285 343
286 343
287 343
287 344
288 344
289 344
289 344
290 345
290 345
290 345
291 345
291 346
292 346
292 346
292 346
293 346
293 347
293 347
294 347
294 347
294 348
295 348
295 348
295 348
295 348
296 349
296 349
297 349
297 349
297 350
298 350
298 350
298 350
298 350
298 350
298 351
299 351
299 351
299 351
300 352
300 352
300 352
300 352
300 353
300 353
301 353
301 353
301 353
301 353
301 354
301 354
301 354
301 354
301 354
301 354
301 354
301 354
301 354
301 354
301 354
301 354
301 354
301 354
301 355
301 355
300 355
300 355
300 355
299 355
299 355
299 355
299 355
299 355
298 355
298 355
298 356
298 356
297 356
297 356
297 356
296 356
296 357
295 357
295 357
294 357
294 357
293 357
293 357
292 358
292 358
291 358
291 358
290 358
289 359
288 359
288 359
287 359
287 359
286 360
286 360
285 360
285 361
284 361
283 361
283 362
282 362
281 362
280 363
279 363
279 363
278 364
277 364
276 365
275 365
275 365
274 366
274 366
273 367
273 367
272 367
272 368
271 368
271 368
270 369
270 369
269 369
269 369
268 370
268 370
267 370
267 371
266 371
266 371
265 371
265 372
264 372
264 372
264 373
263 373
263 373
263 374
262 374
262 374
262 374
262 375
261 375
261 375
261 375
261 375
261 376
260 376
260 376
260 376
259 376
259 377
259 377
259 377
259 377
259 377
259 378
258 378
258 378
258 378
257 378
257 378
257 379
257 379
257 379
257 379
257 379
257 379
257 379
257 379
257 379
257 379
257 379
257 379
257 379
257 379
257 379
257 379
258 379
258 379
258 379
258 379
258 380
258 380
258 380
258 380
258 380
258 380
259 380
259 380
260 380
260 380
260 380
261 380
261 380
261 380
262 380
262 380
263 381
263 381
263 381
263 381
264 381
264 381
265 381
266 381
266 381
267 381
267 381
268 381
269 382
269 382
270 382
270 382
271 382
272 382
272 382
273 382
273 383
274 383
275 383
276 383
276 383
277 383
278 384
279 384
279 384
280 384
281 385
283 385
283 385
284 385
285 386
285 386
286 386
287 386
287 387
288 387
288 387
289 388
290 388
290 388
291 388
291 388
292 389
292 389
293 389
293 389
294 389
294 390
295 390
296 390
296 390
297 391
297 391
298 391
298 391
299 392
299 392
299 392
299 392
299 392
300 392
300 393
300 393
300 393
301 393
301 393
300 393
300 393
300 393
301 393
300 393
300 393
301 393
301 393
301 393
300 393
301 393
300 394
301 394
301 394
300 394
300 394
300 394
301 394
301 394
301 394
301 394
301 394
301 394
300 394
300 394
299 394
299 394
299 395
299 395
298 395
298 395
298 395
298 395
297 395
296 395
296 395
296 395
296 396
296 396
295 396
295 396
294 396
294 396
293 396
293 396
292 396
292 397
292 397
292 397
291 397
291 397
291 397
291 397
291 397
290 397
290 398
289 398
289 398
289 398
289 398
288 398
288 398
288 398
288 398
288 398
288 398
288 398
288 398
288 398
289 398
288 398
288 398
289 398
289 398
288 398
288 398
289 398
290 399
290 399
291 399
290 399
291 399
291 399
291 399
292 399
293 399
293 399
294 399
294 399
294 399
295 399
295 399
296 399
296 399
296 399
296 399
296 399
297 399
297 399
298 400
298 400
299 400
299 400
299 400
299 400
300 400
300 400
300 400
300 400
301 400
301 400
302 400
302 400
303 400
303 400
303 400
304 400
304 401
304 401
304 401
305 401
305 401
305 401
306 401
306 401
306 401
307 401
308 401
308 401
309 401
309 402
310 402
310 402
311 402
311 402
312 402
312 402
313 402
313 402
313 402
313 403
314 403
315 403
315 403
315 403
316 403
316 403
316 403
317 403
316 403
317 403
317 403
318 403
318 403
318 403
318 403
318 403
319 403
319 403
319 403
319 403
319 403
319 403
319 403
319 403
320 403
320 404
321 404
321 404
321 404
321 404
322 404
322 404
322 404
322 404
323 404
323 404
323 404
323 404
323 404
324 404
324 404
325 404
325 404
325 405
325 405
325 405
325 405
325 405
325 405
326 405
326 405
327 405
327 405
327 405
327 405
328 405
328 405
328 406
328 406
328 406
328 406
329 406
329 406
329 406
329 406
329 406
329 407
329 407
330 407
330 407
329 407
330 407
329 408
330 408
330 408
330 408
331 408
331 408
331 409
331 409
331 409
331 409
331 409
331 409
331 409
331 409
331 409
331 409
331 409
331 409
332 409
332 409
332 409
333 409
333 409
332 409
332 409
332 409
332 409
332 409
332 409
332 409
333 409
332 409
332 409
332 409
332 409
332 409
332 409
332 409
332 409
332 409
333 409
333 409
333 409
332 409
332 409
332 409
332 408
332 408
333 408
333 408
332 408
333 408
333 408
333 408
333 408
333 408
333 407
333 407
332 407
332 407
332 406
407 342
407 342
407 343
407 343
407 343
407 343
407 344
407 344
407 344
407 344
407 345
407 345
406 345
406 346
406 346
406 346
406 346
406 347
406 347
406 347
406 347
406 347
406 347
406 348
406 348
406 348
406 348
406 348
406 348
406 348
406 348
406 348
406 348
406 348
406 348
406 348
406 348
406 348
406 348
406 348
406 348
406 348
406 348
406 348
407 347
406 347
406 347
407 347
407 347
407 347
407 347
407 347
407 347
407 347
407 347
407 347
408 346
408 346
408 346
408 346
408 346
408 346
408 346
408 346
408 346
408 346
409 346
409 346
409 345
409 345
409 345
409 345
409 345
410 345
410 345
410 345
411 345
411 344
411 344
411 344
412 344
412 344
412 344
412 344
413 344
413 344
413 343
413 343
413 343
413 343
414 343
414 343
414 343
414 343
415 343
415 343
415 343
416 342
416 342
416 342
416 342
416 342
416 342
417 342
417 342
417 342
417 342
417 342
417 342
418 342
418 342
418 342
418 342
418 342
418 342
419 341
419 341
419 341
419 341
419 341
420 341
420 341
420 341
420 341
421 341
421 340
422 340
422 340
422 340
423 340
423 340
423 340
423 340
424 340
424 340
425 340
425 339
425 339
425 339
425 339
425 339
426 339
426 339
426 339
426 339
426 339
427 339
427 339
427 339
427 339
427 339
427 339
427 339
427 339
427 339
427 339
428 339
428 339
428 339
428 338
429 338
429 338
429 338
429 338
430 338
430 338
431 338
431 338
432 338
432 338
432 338
433 338
433 337
433 337
434 337
434 337
434 337
434 337
435 337
435 337
435 337
435 337
436 337
436 337
437 337
437 337
438 337
438 337
438 337
439 337
439 336
439 336
440 336
440 336
440 336
441 336
441 336
441 336
442 336
442 336
442 336
443 336
443 336
443 336
444 336
444 336
445 336
445 336
446 336
446 336
446 336
446 336
446 336
446 336
446 336
446 336
446 336
447 336
447 336
447 336
447 336
447 336
448 336
447 336
448 336
448 336
448 335
448 335
448 335
448 335
448 335
448 335
448 335
448 335
448 335
448 335
448 335
448 335
448 335
448 335
448 335
448 335
448 335
448 335
448 335
448 335
448 335
448 335
448 335
448 334
448 334
448 334
448 333
448 333
448 333
448 332
448 332
448 332
447 332
447 332
300 352
300 352
300 352
300 352
301 353
300 353
300 353
301 353
301 353
301 353
301 354
301 354
301 354
301 354
302 354
302 355
302 355
302 355
302 355
302 355
302 355
302 355
302 355
302 355
302 355
302 355
302 355
302 355
302 355
302 355
302 355
302 355
302 355
302 355
302 354
302 354
301 354
301 354
301 354
301 354
301 354
301 354
301 354
301 354
301 354
301 354
301 354
301 354
301 354
301 354
301 354
301 354
300 354
300 354
300 354
300 354
300 354
299 354
299 354
299 354
299 354
299 354
299 354
298 354
298 354
298 354
298 354
298 354
298 354
298 354
297 354
297 354
297 354
297 354
297 354
296 354
296 354
296 354
296 354
296 354
295 354
295 354
295 354
295 354
294 354
294 354
294 353
294 353
294 353
293 353
293 353
293 353
293 353
293 353
293 353
292 353
292 353
291 353
291 353
290 353
290 353
290 353
289 353
289 353
288 352
288 353
288 353
287 353
287 353
287 352
287 352
286 353
286 353
286 352
285 352
285 352
284 352
284 352
284 352
284 352
283 352
283 352
283 352
282 352
282 352
282 352
282 352
281 352
281 352
281 352
281 352
280 352
280 352
280 352
280 352
279 352
279 353
279 352
279 353
278 352
278 352
278 353
278 352
277 352
277 352
277 352
277 353
276 353
276 353
276 353
275 353
275 353
274 353
274 352
273 352
273 353
273 353
272 353
272 353
271 353
271 353
271 353
271 353
270 353
270 353
270 353
269 353
269 353
268 353
268 353
268 353
267 353
267 353
267 353
266 353
265 353
265 353
265 353
264 353
265 353
264 353
264 353
263 353
262 353
262 353
262 353
261 353
261 353
261 353
260 353
260 353
259 353
259 353
258 354
258 354
258 354
257 354
256 354
256 354
256 354
256 354
255 354
255 354
254 354
254 354
254 354
254 354
253 354
253 354
252 354
252 354
252 354
252 354
251 354
251 354
250 354
250 355
250 355
250 355
250 355
250 355
250 355
249 355
249 355
249 355
248 355
248 355
248 355
248 355
247 355
247 355
247 355
246 355
246 355
246 355
246 355
246 356
245 356
245 355
245 355
245 356
245 356
245 356
245 356
245 356
245 356
246 356
246 356
246 356
246 356
246 356
246 356
246 355
246 355
246 355
245 355
245 355
245 355
245 355
245 355
245 356
245 356
245 356
246 356
246 356
246 356
246 356
246 356
246 356
246 356
246 356
246 356
247 356
247 356
247 356
247 356
247 356
247 355
247 355
247 355
247 355
247 355
247 355
247 355
247 355
247 355
247 355
247 354
247 354
247 354
247 354
247 354
247 354
247 353
247 353
248 353
248 353
248 353
248 353
248 353
248 353
248 353
248 353
248 353
248 353
248 352
249 352
330 378
330 378
330 378
330 378
330 378
330 379
330 379
330 379
330 379
330 379
330 380
330 380
330 380
330 380
330 380
330 380
330 380
330 380
330 380
330 380
330 380
330 381
329 381
330 381
330 381
330 381
330 381
330 382
330 382
330 382
330 382
330 382
330 382
330 383
330 383
330 383
330 383
330 384
330 384
330 384
330 384
330 385
330 385
331 385
331 385
331 386
331 386
331 386
331 386
331 387
332 387
331 387
332 387
332 387
331 388
331 388
332 388
332 389
332 389
331 389
332 390
332 390
332 390
332 391
332 391
332 391
332 391
332 392
332 392
332 392
333 392
333 392
333 392
333 393
333 393
333 393
333 393
333 394
334 394
334 394
334 394
334 395
333 395
333 395
333 395
334 396
334 396
334 396
334 397
334 397
334 397
334 398
334 398
335 398
335 399
335 399
335 399
336 399
336 400
336 400
335 400
335 400
335 400
336 401
336 401
336 401
336 401
336 401
336 402
336 402
337 402
337 402
337 403
338 403
338 403
338 404
338 404
338 404
338 405
338 405
338 405
338 405
338 406
339 406
339 406
339 406
339 406
339 406
339 407
339 407
339 407
339 408
339 408
339 408
339 409
339 409
339 409
340 410
340 410
340 410
341 411
340 411
341 411
341 412
341 412
342 412
342 413
343 413
344 413
344 413
344 414
345 414
345 414
345 414
346 415
345 415
345 415
346 415
346 416
346 416
347 416
348 417
348 417
349 417
348 417
349 418
349 418
349 418
350 418
349 418
349 419
350 419
350 419
350 419
351 420
351 420
351 420
352 420
352 421
352 421
353 421
353 422
353 422
354 422
354 423
354 423
354 423
354 423
355 424
354 424
354 424
355 424
355 424
356 424
356 425
356 425
356 425
357 425
357 425
357 425
358 425
358 425
358 426
358 426
358 426
359 426
359 426
360 426
360 426
360 426
360 426
360 426
361 426
361 426
362 426
362 426
362 426
362 427
362 426
363 426
363 426
364 426
364 426
364 426
364 426
365 426
365 426
366 426
366 425
367 425
368 425
367 425
368 425
368 424
368 424
369 424
369 424
369 424
369 424
370 423
370 423
371 423
371 423
371 422
371 422
372 422
372 422
372 422
372 421
372 421
372 421
373 421
373 421
374 420
374 420
374 420
375 420
375 419
376 419
376 419
376 419
376 418
377 418
377 418
378 417
378 417
379 417
379 417
379 417
380 416
381 416
381 416
381 416
382 415
382 415
382 415
382 415
383 415
383 414
384 414
384 413
385 413
385 412
385 412
386 411
386 411
387 411
387 410
387 410
388 410
388 409
388 409
387 409
388 409
388 409
388 408
388 408
388 408
388 408
388 408
388 408
388 407
389 407
389 407
388 407
389 406
389 406
389 406
390 406
390 406
389 406
389 405
389 405
389 405
389 405
389 404
389 404
389 404
389 403
389 403
390 403
390 402
390 402
391 401
391 401
391 400
391 400
392 399
392 399
392 398
392 398
392 397
392 397
392 397
392 397
392 396
392 396
392 396
392 395
392 395
391 395
392 394
392 394
392 394
392 394
392 393
392 393
393 393
393 393
393 393
393 392
393 392
393 392
394 392
394 392
394 391
393 391
393 391
393 391
394 391
394 390
394 390
394 390
394 390
394 390
394 389
394 389
394 389
394 389
394 389
394 389
394 388
394 388
394 388
394 388
394 388
394 388
394 387
395 387
395 387
395 387
395 386
395 386
395 386
395 386
395 385
395 385
395 385
395 384
395 384
395 384
395 383
395 383
395 383
395 383
395 383
395 383
396 383
396 383
396 382
396 382
395 382
395 382
395 382
395 382
395 382
395 382
395 382
395 382
395 382
395 382
395 382
396 382
396 382
396 382
396 382
396 382
396 382
396 381
396 381
396 381
396 381
396 381
396 381
396 381
396 380
396 380
396 380
396 380
396 380
396 380
396 380
395 380
395 379
395 379
395 379
395 379
394 379
394 379
393 379
324 378
324 379
324 379
323 379
324 380
324 380
324 380
324 380
324 381
324 381
324 381
325 381
325 381
325 381
325 381
325 382
325 382
324 382
324 382
324 382
324 382
324 382
324 382
324 382
325 382
325 383
325 383
325 383
325 383
325 383
325 383
325 383
325 383
325 383
325 383
325 383
325 383
325 383
325 383
325 382
324 382
324 382
324 382
324 382
324 382
324 382
324 382
323 382
323 381
323 381
323 381
323 381
323 381
323 381
322 380
322 380
322 380
322 380
322 380
321 379
321 379
321 379
320 379
320 378
320 378
319 378
319 378
319 378
319 378
318 377
318 377
317 377
317 377
317 377
317 377
317 377
317 377
316 377
316 378
316 378
316 378
316 378
315 378
315 378
315 379
315 379
315 379
315 379
314 380
314 380
314 380
314 381
314 381
314 381
314 382
314 382
314 383
314 383
314 383
314 384
314 384
314 384
314 385
314 385
314 385
314 385
314 386
314 386
314 386
314 386
314 387
315 387
315 387
314 388
314 388
314 388
314 389
314 389
314 389
315 390
315 390
314 390
314 391
314 391
314 391
314 391
314 392
314 392
314 392
315 392
315 392
315 393
315 393
315 393
316 394
316 394
316 394
316 394
316 394
317 395
317 395
317 395
317 395
318 396
318 396
318 396
318 396
318 396
318 397
318 397
319 397
319 397
319 398
319 398
319 398
320 398
320 398
320 399
320 399
320 399
321 399
321 399
322 400
322 400
321 400
322 400
322 401
322 401
322 401
322 401
322 401
323 401
323 401
323 402
324 402
324 402
325 402
325 402
325 402
326 402
326 402
326 402
326 402
326 403
326 403
327 403
327 403
327 403
328 403
328 403
328 403
329 403
328 402
328 402
328 402
329 402
330 402
330 402
331 402
331 402
331 402
331 402
331 402
331 402
331 402
331 402
331 402
331 402
331 402
331 402
331 402
331 402
331 402
331 402
331 402
331 402
331 402
331 402
331 402
331 402
331 402
331 402
331 402
331 402
331 402
331 402
331 402
331 402
331 402
331 402
331 402
331 402
331 402
331 402
332 402
332 402
332 402
332 402
332 402
332 402
332 402
333 402
333 402
333 402
333 402
332 402
332 402
333 402
332 402
332 402
332 402
332 402
332 402
332 402
332 402
332 402
332 401
332 401
332 401
332 400
332 400
332 400
332 399
332 399
332 398
332 398
332 397
332 396
332 396
332 395
332 395
332 394
332 394
318 381
317 381
318 381
317 382
317 382
317 382
317 382
317 382
317 383
317 383
317 383
317 383
316 383
316 384
316 384
316 384
316 384
316 384
316 384
316 384
315 385
316 385
316 385
316 385
316 385
316 385
316 385
316 385
316 384
316 384
316 384
317 384
316 384
317 383
317 383
317 383
317 383
317 382
317 382
317 382
317 382
318 382
318 382
318 382
318 382
318 382
318 382
318 382
318 382
319 382
319 382
319 382
320 382
320 382
320 383
320 383
321 383
321 383
321 383
321 384
322 384
321 384
322 384
322 384
322 385
322 385
323 385
323 385
323 386
323 386
323 386
323 387
324 387
324 387
324 388
324 388
324 388
324 389
324 389
325 389
325 390
325 390
325 390
326 390
326 391
326 391
326 391
326 392
327 392
326 393
327 393
327 393
327 394
327 394
327 394
328 394
328 395
327 395
327 395
327 395
327 396
326 396
326 396
326 396
326 396
326 396
325 396
325 396
325 396
325 396
325 396
324 397
325 397
325 397
325 397
324 397
324 397
324 397
324 397
324 397
324 397
324 397
324 397
324 397
324 397
324 397
323 397
323 397
323 397
323 397
324 397
324 397
324 397
324 397
323 397
323 397
323 397
323 397
323 397
323 396
323 396
323 396
324 396
324 396
324 396
324 396
324 396
324 395
324 395
323 395
323 395
323 395
323 394
323 394
322 394
322 393
322 393
322 393
322 392
322 392
321 379
321 379
321 379
321 379
321 379
321 379
321 380
321 380
321 380
321 380
320 380
321 381
320 381
320 381
321 381
321 381
321 381
321 381
321 382
320 382
321 382
321 382
321 382
321 382
321 382
321 382
320 382
320 382
320 382
320 382
320 383
320 383
320 383
320 383
321 383
321 383
320 383
320 383
320 383
321 383
321 383
321 383
321 383
321 383
321 384
321 384
321 384
321 384
321 384
321 384
321 384
321 385
321 385
321 385
321 385
321 385
321 385
321 385
321 385
321 385
321 386
321 386
320 386
320 386
320 386
320 386
319 387
319 387
319 387
319 387
319 387
319 387
319 387
319 387
319 387
319 387
319 388
319 388
319 388
319 388
319 388
319 388
319 388
319 388
319 388
319 388
319 388
319 388
319 388
319 388
319 388
319 388
319 387
319 387
319 387
319 387
319 387
319 386
319 386
319 386
319 385
319 385
319 385
319 385
319 385
319 384
320 384
320 384
319 384
319 383
319 383
319 383
320 383
321 383
321 383
321 383
322 384
322 384
322 384
322 384
322 385
322 385
322 385
322 385
321 386
321 386
321 386
321 386
321 387
321 387
322 387
322 387
322 388
322 388
321 388
322 388
322 389
322 389
321 389
321 389
321 389
321 389
321 389
321 390
321 390
321 390
321 390
321 390
321 390
321 390
321 390
321 390
321 390
321 390
321 391
321 391
321 391
322 391
321 391
321 391
321 391
322 391
321 391
322 391
322 391
322 392
322 392
322 392
323 392
323 392
323 392
323 392
323 392
323 393
323 393
323 393
323 393
323 393
323 393
323 393
323 393
323 393
323 393
323 393
322 393
322 393
323 393
322 393
322 394
322 394
322 394
322 394
323 394
323 394
322 394
323 394
323 394
322 394
322 393
322 393
323 393
322 393
322 393
322 393
322 393
322 393
321 393
322 393
322 393
322 393
322 393
322 393
321 393
322 392
322 392
322 392
322 392
322 392
322 392
322 392
322 392
322 392
322 392
322 391
322 391
323 391
322 391
322 391
323 390
323 390
389 380
390 380
390 381
390 381
390 381
390 382
390 382
390 382
390 382
390 383
389 383
390 383
390 383
389 384
389 384
389 384
390 384
390 384
390 384
389 385
389 385
389 385
389 385
389 385
388 385
389 385
388 385
389 385
389 385
389 385
389 385
389 385
389 385
389 385
390 385
390 384
390 384
390 384
391 383
391 383
391 383
392 383
392 382
392 382
392 382
392 382
393 381
393 381
393 381
393 381
393 381
394 380
394 380
394 380
395 380
394 379
395 379
395 379
395 379
395 379
395 379
395 379
396 378
396 378
396 378
396 378
397 378
397 378
397 378
398 378
398 377
398 377
399 377
399 377
399 377
400 377
400 377
400 377
400 377
401 377
401 377
401 377
402 377
402 377
402 377
402 377
402 378
402 378
402 378
403 378
403 378
403 378
403 378
404 378
404 378
404 378
404 378
405 378
405 379
405 379
406 379
407 379
407 379
407 379
407 379
408 379
408 379
408 379
409 380
409 380
409 380
409 380
410 380
410 380
410 381
410 381
410 381
410 381
410 382
410 382
410 382
410 383
410 383
410 383
410 383
410 384
410 384
411 384
411 385
411 385
410 385
410 385
410 386
410 386
410 386
410 387
410 387
410 387
411 387
411 388
411 388
411 388
411 388
411 389
411 389
411 389
411 390
411 390
410 390
410 391
410 391
410 391
410 391
409 392
409 392
409 392
409 393
408 393
408 393
409 393
409 394
408 394
408 394
408 394
407 394
407 395
407 395
406 395
406 395
406 395
406 395
406 396
405 396
405 396
405 396
405 396
405 397
405 397
404 397
404 397
404 397
403 397
403 397
403 398
402 398
402 398
402 398
402 398
402 398
401 399
401 399
401 399
401 399
400 399
399 399
399 399
399 399
399 400
398 400
398 400
398 400
398 400
398 400
397 400
397 400
397 400
396 400
395 400
395 400
394 400
394 400
394 400
394 400
394 400
393 400
393 400
393 400
393 400
393 400
393 400
393 400
393 400
394 399
394 399
393 399
393 399
393 399
393 399
392 399
393 399
392 399
392 399
393 398
392 398
392 398
392 398
392 398
392 398
392 398
392 398
392 398
392 398
391 398
391 398
391 398
391 398
391 398
391 398
391 398
391 398
391 398
391 398
391 398
391 398
391 398
391 398
391 398
391 398
391 398
390 398
391 397
390 397
391 397
390 397
390 397
390 396
390 396
390 396
389 396
390 395
390 395
390 394
390 394
390 394
390 393
390 393
406 377
406 377
406 378
406 378
406 378
406 379
406 379
406 380
405 380
405 380
405 381
405 381
405 381
405 382
405 382
405 382
405 383
405 383
405 383
405 384
405 384
406 384
405 384
405 384
405 384
405 385
405 385
404 385
404 385
404 385
405 385
405 385
405 385
405 384
405 384
405 384
405 384
405 384
405 384
405 383
405 383
405 383
405 383
405 382
405 382
405 382
405 382
405 381
405 381
404 381
404 381
404 381
404 381
403 381
403 381
403 381
403 381
403 381
403 381
402 381
402 381
401 381
401 381
401 381
401 381
401 381
400 382
400 382
400 382
400 382
400 382
399 383
399 383
399 383
399 383
398 384
398 384
398 384
398 384
398 384
398 385
398 385
398 385
398 385
398 386
398 386
398 386
398 387
397 387
397 387
397 387
397 387
397 388
397 388
397 388
397 388
397 389
397 389
397 389
396 389
396 390
396 390
396 390
396 390
396 391
396 391
396 391
396 391
396 391
395 392
395 392
395 392
395 392
395 392
395 393
395 393
395 393
394 393
394 393
394 394
394 394
394 394
394 394
394 394
394 395
394 395
395 395
395 395
395 395
395 395
395 395
395 395
395 396
396 396
396 396
396 396
396 396
396 396
396 396
397 396
397 396
397 396
397 396
397 396
397 396
397 396
397 396
397 396
397 396
397 396
397 396
396 396
396 396
397 396
396 396
396 396
396 396
396 396
396 396
397 396
397 396
397 396
397 396
397 396
397 396
397 396
397 396
397 396
397 395
396 395
396 395
396 395
396 395
397 394
397 394
397 393
397 393
397 393
397 392
397 392
397 391
398 391
398 391
397 391
397 390
401 376
402 376
402 376
402 376
401 377
401 377
401 377
401 377
401 378
401 378
401 378
401 378
401 379
401 379
401 379
401 379
401 380
401 380
401 380
401 380
401 380
401 380
401 381
401 381
401 381
401 381
401 381
401 381
401 381
401 381
401 381
401 381
401 381
401 381
401 382
401 382
401 382
401 382
401 382
401 382
401 382
401 382
401 382
401 382
401 382
401 383
401 383
400 383
401 383
401 383
401 384
401 384
401 384
400 384
400 385
400 385
400 385
401 385
401 385
401 386
401 386
401 386
401 386
401 387
401 387
401 387
401 387
401 387
401 387
401 387
401 388
401 388
402 388
402 388
402 388
402 388
402 388
402 388
402 388
402 388
402 388
402 388
403 388
403 388
403 388
403 388
403 388
402 388
403 388
403 388
403 387
403 387
403 387
403 387
403 386
403 386
403 386
403 386
403 385
403 385
403 385
403 384
403 384
403 384
402 384
402 383
402 383
402 383
401 383
401 382
398 382
398 382
398 382
398 382
398 382
398 383
398 383
398 383
398 383
398 383
398 384
397 384
397 384
397 384
397 385
397 385
397 385
397 385
397 385
397 386
397 386
397 386
397 386
397 386
397 386
397 386
397 386
397 386
397 386
397 387
397 387
397 387
397 387
397 387
397 387
397 387
397 387
397 387
397 387
397 387
398 388
398 388
398 388
398 388
398 388
398 388
398 389
397 389
397 389
398 389
398 389
398 389
398 389
398 390
398 390
398 390
398 390
398 391
398 391
398 391
397 391
397 391
398 392
398 392
397 392
397 392
398 392
398 392
398 392
398 392
398 392
398 392
398 392
398 392
398 392
398 392
399 392
399 392
398 392
398 392
398 392
398 393
398 392
398 392
398 393
398 392
398 392
399 392
399 392
399 392
399 392
398 392
398 392
398 392
398 392
398 392
398 392
398 392
398 392
398 392
398 392
398 392
398 391
398 391
398 391
398 390
398 390
399 390
399 390
399 389
399 389
399 389
399 389
399 389
399 388
399 388
399 388
399 388
399 387
398 387
399 387
398 386
399 386
328 379
327 379
328 380
328 380
328 380
327 380
327 380
327 380
327 380
328 381
327 381
327 381
327 381
327 381
327 381
327 381
327 381
327 381
327 382
327 382
327 382
327 382
328 382
328 382
328 382
327 382
328 382
328 382
328 383
328 383
329 383
329 383
329 383
329 384
329 384
329 384
329 384
329 384
329 384
329 384
329 384
329 383
329 383
328 383
328 383
328 382
327 382
327 382
327 382
327 382
327 382
327 382
327 382
327 382
327 382
327 382
327 382
327 382
327 382
327 381
327 381
327 381
327 381
326 381
326 381
326 382
326 382
326 382
326 382
326 382
326 382
326 382
326 382
327 382
327 382
327 382
327 382
327 383
327 383
327 383
327 383
327 383
328 383
328 383
327 384
328 384
327 384
328 384
328 384
328 384
328 384
328 384
328 385
328 385
328 385
328 385
328 385
328 386
328 386
329 386
329 386
329 386
329 387
329 387
329 387
329 387
329 387
330 387
330 387
330 388
330 388
330 388
331 388
331 388
331 388
331 388
331 388
331 388
331 388
332 388
332 388
332 388
332 388
332 388
331 388
331 388
331 388
331 388
331 388
332 388
332 388
332 388
332 388
332 388
332 388
332 388
332 388
332 388
332 387
333 387
332 387
332 387
332 387
332 386
332 386
332 386
332 386
331 385
331 385
332 385
331 384
331 384
331 384
331 383
331 383
331 383
331 382
331 382
331 382
331 381
331 381
331 381
331 380
331 380
331 380
331 379
331 379
332 379
331 378
331 378
331 378
331 377
331 377
331 377
331 376
331 376
331 376
331 375
331 375
331 375
331 374
331 374
331 374
332 373
332 373
332 372
331 372
331 372
332 371
331 371
331 371
331 371
331 370
332 370
332 370
332 369
332 369
332 369
332 368
333 368
333 368
333 368
333 367
333 367
333 367
333 367
333 366
334 366
334 366
334 365
334 365
334 365
335 364
335 364
335 364
335 364
335 363
335 363
335 363
335 363
335 362
335 362
335 362
336 362
336 362
336 362
336 362
336 361
337 361
337 361
337 361
337 360
337 360
337 360
337 360
338 360
338 359
338 359
338 359
338 359
339 359
339 358
339 358
339 358
340 358
340 358
341 357
341 357
341 357
341 357
341 357
341 357
341 357
342 357
341 357
342 356
342 356
342 356
342 356
342 356
342 356
342 356
342 356
342 356
342 356
342 356
342 356
342 356
342 356
342 356
342 356
342 356
342 356
342 356
342 356
342 357
342 357
342 357
342 357
342 358
342 358
342 358
342 358
342 359
342 359
342 359
342 359
342 360
342 360
342 360
342 361
342 361
342 362
342 362
342 363
342 363
342 363
342 364
342 364
342 365
342 365
342 365
342 366
342 366
342 367
342 367
342 367
342 368
342 369
342 369
342 369
342 370
343 370
343 371
343 371
343 371
343 372
343 372
344 373
344 373
344 373
345 374
345 374
345 374
345 375
345 375
345 375
345 376
346 376
346 376
346 377
346 377
346 377
347 378
347 378
347 378
347 379
348 379
348 379
349 380
349 380
349 380
350 381
350 381
350 381
351 381
351 382
351 382
352 382
352 382
352 382
352 382
352 382
352 382
352 383
352 383
353 383
353 383
352 383
352 383
353 383
353 383
353 383
353 383
353 383
353 383
353 383
354 383
354 383
354 383
354 383
354 383
354 383
353 383
353 383
353 383
353 383
353 383
353 383
354 383
353 383
353 383
353 383
353 383
353 383
353 382
354 382
354 382
354 382
354 382
354 382
354 381
354 381
354 381
354 381
354 381
354 380
354 380
354 380
354 379
354 379
354 378
354 378
354 378
354 377
354 377
354 376
355 376
355 376
355 375
356 375
355 374
355 374
355 374
355 373
356 373
356 372
356 372
356 371
356 371
356 370
356 370
356 369
356 369
356 369
357 368
357 368
357 368
358 367
358 367
358 367
358 366
359 366
359 365
359 365
360 365
360 364
360 364
360 364
361 363
361 363
361 363
361 363
361 362
362 362
362 362
363 361
363 361
363 361
363 360
364 360
364 360
364 359
364 359
365 359
365 359
365 359
365 358
365 358
365 358
366 358
366 357
367 357
367 357
368 357
368 356
369 356
369 356
369 356
370 356
370 356
370 355
370 355
370 355
370 355
370 355
371 355
371 355
371 355
371 355
371 355
371 355
371 355
371 355
371 355
371 355
371 355
371 355
371 355
371 355
372 355
372 355
372 355
373 356
373 356
373 356
373 357
373 357
374 358
374 358
375 358
375 359
375 359
375 360
375 360
375 361
375 361
375 362
375 362
375 363
376 363
376 364
376 365
376 365
376 366
376 366
376 367
376 367
376 368
376 368
376 369
376 370
375 370
375 371
375 372
376 372
376 373
376 374
376 374
376 375
376 375
376 376
376 376
376 376
376 377
377 377
377 377
377 377
377 377
376 378
376 378
377 378
377 378
376 378
376 378
376 378
376 379
376 379
376 379
376 379
377 379
377 379
377 379
377 379
377 379
377 379
377 379
377 379
377 379
377 379
377 379
378 379
378 378
377 378
377 378
378 378
378 378
378 378
378 378
378 378
379 377
379 377
379 377
380 376
380 376
381 375
381 375
381 375
382 374
382 374
382 373
382 373
383 373
383 372
383 372
383 372
383 371
384 371
384 370
384 370
385 369
385 369
385 368
385 368
385 367
386 367
386 367
386 366
386 366
386 366
386 366
387 365
387 365
387 364
387 364
387 364
387 363
387 363
387 363
388 362
388 362
388 362
388 362
388 361
388 361
388 361
388 361
389 361
389 361
389 361
389 361
389 361
389 361
389 361
389 361
389 361
388 361
388 361
389 361
389 361
389 361
389 361
389 361
390 362
390 362
390 362
390 362
391 362
391 363
391 363
391 363
391 363
392 364
392 364
392 364
392 365
392 365
392 365
392 366
392 366
392 367
392 367
393 367
393 368
393 368
393 368
393 369
393 369
393 370
393 370
392 370
392 371
393 371
393 371
393 372
393 372
392 373
392 373
392 374
392 374
392 375
392 375
392 376
392 376
392 377
391 377
392 377
392 378
392 378
391 379
391 379
391 380
391 380
391 381
391 381
392 381
392 381
392 382
392 382
392 382
392 382
392 382
392 383
391 383
391 383
391 383
392 383
392 383
392 383
392 383
392 383
392 383
392 384
392 384
392 384
393 384
393 383
393 383
393 383
394 383
393 383
393 383
393 383
394 383
394 383
394 383
394 383
394 383
394 383
394 383
394 382
394 382
394 382
395 382
395 382
396 382
396 382
396 382
396 382
396 382
396 382
396 382
397 382
397 382
396 382
396 382
396 382
396 382
396 382
395 382
395 382
395 382
395 382
395 382
395 382
395 382
395 382
395 382
395 382
395 382
395 383
395 382
394 382
394 382
394 381
394 381
394 380
394 380
393 379
393 379
369 353
369 353
369 353
369 353
369 354
369 354
369 354
369 354
369 354
369 355
369 355
369 355
370 355
370 355
370 355
370 356
370 356
369 356
369 356
369 356
369 356
369 356
370 356
370 356
370 357
369 357
369 357
369 357
370 357
370 358
370 358
370 358
370 358
370 359
370 359
370 359
370 359
370 360
370 360
370 360
370 361
370 361
370 361
369 362
369 362
369 362
369 363
369 363
369 363
369 363
369 364
369 364
369 364
369 365
369 365
369 365
369 366
369 366
369 366
369 367
369 367
369 367
369 368
369 368
369 368
369 368
369 369
369 369
369 369
369 370
369 370
369 370
369 370
369 371
369 371
369 371
369 372
369 372
369 372
369 372
368 373
368 373
368 374
368 374
368 374
368 375
368 375
368 376
368 377
368 377
368 377
368 378
368 378
368 379
367 379
367 379
367 380
367 380
368 380
367 381
367 381
367 382
367 382
367 382
367 383
367 383
367 383
367 383
367 384
367 384
367 384
367 384
367 384
366 385
366 385
366 385
366 385
366 386
366 386
365 386
365 387
365 387
365 387
365 387
365 387
366 388
365 388
365 388
365 388
365 388
365 389
365 389
364 389
364 389
364 389
364 389
364 389
364 390
364 390
364 390
364 390
363 390
363 390
363 390
363 390
364 390
364 390
364 390
364 390
364 390
364 390
364 390
364 390
364 390
364 390
365 390
364 390
364 390
364 390
364 390
364 390
364 390
364 390
364 390
364 390
364 390
364 390
364 390
363 390
363 390
363 390
363 390
364 390
364 390
363 390
364 390
364 390
364 390
364 390
363 390
363 390
363 390
363 389
364 389
364 389
364 389
364 389
364 389
364 389
364 389
364 388
365 388
365 388
365 387
365 387
365 387
365 387
365 387
365 386
365 386
365 386
365 386
365 386
365 385
350 390
350 390
351 390
350 390
351 391
350 391
350 391
351 391
351 391
351 391
351 392
351 392
351 392
351 392
351 392
351 392
350 392
350 392
350 392
350 392
350 392
350 392
350 392
350 392
350 392
350 392
350 392
349 392
349 391
350 391
349 391
349 391
349 391
349 391
349 390
349 390
349 390
349 390
349 390
349 390
348 389
348 389
348 389
348 388
347 388
347 387
347 387
346 387
346 387
346 386
345 386
345 386
345 385
345 385
345 385
344 385
344 384
344 384
344 384
344 384
344 384
344 383
344 383
343 383
343 383
343 382
342 382
342 382
342 382
342 382
341 382
341 381
340 381
340 381
340 381
339 380
339 380
339 380
339 380
339 380
339 380
338 379
338 379
338 379
338 379
338 379
338 379
337 379
337 379
337 379
337 378
336 378
336 378
336 378
336 378
336 378
336 378
335 378
335 378
335 378
335 378
334 378
335 378
335 378
334 378
335 378
335 378
335 378
335 378
335 378
334 378
335 378
335 378
334 378
334 378
334 378
334 378
334 379
334 379
334 379
334 379
334 379
333 379
333 379
333 379
333 380
333 380
333 380
333 380
333 380
332 381
332 381
333 381
333 381
333 381
333 381
333 381
333 382
333 382
333 382
333 382
333 382
334 382
334 382
334 382
334 382
334 382
334 382
334 383
335 383
335 383
335 383
335 383
335 383
336 383
336 383
336 383
336 383
337 383
337 383
337 383
337 383
338 383
338 383
338 384
338 384
338 384
338 384
339 384
339 384
339 384
339 384
340 384
340 384
340 385
340 385
341 385
341 385
341 385
342 385
342 385
342 385
342 386
342 386
343 386
343 386
343 386
343 386
343 386
344 387
344 387
344 387
344 387
345 387
345 387
345 387
345 387
345 387
345 387
346 387
345 388
346 388
346 388
346 388
346 388
346 388
346 388
346 388
346 388
346 388
346 389
346 389
346 389
346 389
346 389
346 389
346 389
347 389
347 389
347 389
348 389
348 390
348 390
348 390
348 390
348 390
348 390
348 390
348 390
349 390
348 390
348 390
348 390
348 390
348 390
348 391
349 391
348 391
349 391
349 391
349 391
349 391
349 391
349 391
349 391
349 391
349 392
349 392
348 392
348 392
348 392
348 392
349 392
349 392
349 392
349 392
349 392
349 392
349 392
349 392
349 392
349 392
349 392
349 392
350 392
349 392
349 392
349 392
349 392
350 391
350 391
350 391
350 391
350 391
350 391
350 390
350 390
350 390
350 389
350 389
350 389
350 388
350 388
349 388
349 387
349 387
334 378
334 378
334 378
334 379
334 379
334 379
334 379
334 379
334 380
334 380
334 380
334 380
334 380
334 380
334 381
334 381
334 381
334 381
334 381
334 381
334 381
334 381
334 381
334 382
334 382
333 382
334 382
334 382
334 382
334 382
334 382
334 382
334 382
334 382
334 382
334 383
334 383
334 383
334 383
334 383
334 383
334 384
334 384
334 384
334 384
334 384
334 385
334 385
333 385
334 385
334 385
334 386
334 386
334 386
334 386
333 387
333 387
334 387
334 387
334 388
334 388
334 388
334 389
334 389
335 389
335 390
335 390
335 390
335 391
335 391
336 391
336 391
336 392
336 392
336 392
336 393
336 393
336 393
336 393
336 394
337 394
336 394
337 394
337 394
337 394
338 395
338 395
338 395
338 395
338 395
338 395
338 395
338 395
339 395
339 396
339 396
339 396
340 396
340 396
340 396
341 396
340 396
340 396
340 396
340 396
341 396
341 396
341 396
342 396
342 396
342 396
343 396
343 396
343 396
343 396
344 396
344 396
344 396
344 396
344 396
344 396
344 396
344 396
344 396
344 396
344 396
344 396
344 396
344 396
344 396
345 396
345 396
345 396
345 396
345 396
345 396
345 396
345 396
345 395
344 395
344 395
344 395
344 394
344 394
344 394
344 394
344 393
344 393
344 393
344 393
344 392
347 384
347 385
347 385
347 385
347 385
347 386
347 386
347 386
347 386
347 387
347 387
347 387
347 387
347 387
347 387
347 387
347 387
346 388
346 388
346 388
346 388
347 388
347 388
347 388
347 388
347 388
346 388
346 388
346 388
346 388
346 388
346 388
346 388
346 388
346 388
346 388
346 388
346 389
346 389
346 389
346 389
346 389
345 389
345 389
345 389
345 390
345 390
345 390
345 390
345 391
345 391
345 391
345 391
345 392
345 392
345 392
345 392
345 392
345 393
345 393
345 393
345 393
345 394
346 394
346 394
346 394
346 394
346 394
346 394
346 395
346 395
346 395
346 395
346 395
346 395
346 395
347 395
347 395
347 395
347 395
347 395
347 395
347 395
348 395
348 395
348 395
348 395
348 395
348 395
348 395
348 394
348 394
349 394
349 394
349 394
349 394
349 394
349 393
349 393
349 393
349 393
348 393
349 393
349 393
349 392
349 392
349 392
349 392
350 392
350 392
350 392
350 392
349 391
349 391
349 391
349 391
349 391
349 391
349 390
349 390
349 390
349 390
349 390
349 390
349 390
349 390
349 390
349 389
349 389
349 389
349 389
349 389
349 389
349 389
348 389
348 389
348 389
348 389
348 388
348 388
348 388
348 388
348 388
348 388
348 388
348 388
348 388
348 388
348 388
347 388
347 388
347 388
347 388
346 388
346 388
347 388
347 388
346 388
347 388
347 388
347 388
347 388
347 388
347 388
347 388
347 388
347 388
347 388
347 388
347 388
347 388
347 388
347 387
347 387
347 387
346 387
346 387
347 387
347 387
347 387
346 387
346 386
346 386
346 386
346 385
346 385
346 385
346 385
365 385
365 385
365 385
365 385
365 386
365 386
365 386
365 386
365 387
365 387
365 387
365 387
365 387
366 387
366 387
366 387
366 387
366 387
366 387
366 387
366 387
366 387
366 387
367 387
367 387
367 387
367 387
367 386
368 386
368 386
368 386
369 386
369 386
368 385
369 385
369 385
369 385
369 385
369 384
370 384
370 384
370 384
371 384
371 384
371 383
371 383
371 383
371 383
372 383
372 383
372 383
372 382
373 382
373 382
374 382
374 382
374 382
375 382
375 382
376 381
376 381
376 381
377 381
377 381
377 381
378 380
378 380
378 380
378 380
379 380
379 380
379 379
379 379
380 379
380 379
380 379
381 379
382 379
382 378
383 378
383 378
383 378
383 378
383 378
383 378
383 378
383 378
383 378
384 378
384 378
384 377
385 377
385 377
384 377
385 377
385 377
385 377
385 377
385 377
385 377
386 377
386 377
386 377
386 377
386 377
387 378
387 378
387 378
387 378
387 378
387 378
387 378
387 378
388 378
387 379
388 379
388 379
388 379
388 379
388 379
388 379
388 379
388 380
388 380
388 380
388 380
388 380
388 380
387 380
387 380
387 380
387 380
387 380
387 380
387 380
386 380
386 381
386 381
386 381
386 381
386 381
386 381
385 381
385 381
385 381
385 381
384 381
384 381
383 381
383 381
383 382
383 382
382 382
382 382
382 382
382 382
381 382
381 382
380 382
380 382
380 382
379 383
379 383
379 383
378 383
378 383
378 383
378 383
377 383
377 383
376 383
376 383
376 383
376 383
376 384
376 384
376 384
375 384
375 384
375 384
374 384
374 385
374 385
373 385
373 385
372 385
372 385
371 385
371 385
371 385
371 385
371 385
370 386
370 386
370 386
370 386
370 386
369 386
369 386
369 386
369 386
369 386
368 386
368 387
368 387
368 387
367 387
367 387
367 387
367 387
367 387
367 387
367 387
367 387
367 387
367 387
367 388
367 388
367 388
367 388
367 388
367 388
367 388
367 387
367 387
367 387
367 387
367 387
367 387
367 387
367 387
367 387
368 386
367 386
368 386
368 386
368 386
368 386
368 386
368 386
369 386
368 386
369 385
369 385
369 385
369 385
370 385
370 385
370 385
370 385
370 385
371 384
371 384
387 378
387 378
387 378
387 378
387 378
387 379
387 379
387 379
387 379
387 379
387 379
387 379
387 380
387 380
387 380
386 380
387 380
387 380
387 380
386 381
386 381
386 381
386 381
387 381
386 381
386 381
386 381
386 381
386 382
386 382
385 382
385 382
386 382
386 382
386 383
386 383
387 383
387 383
386 383
386 384
386 384
386 384
386 384
386 384
386 385
386 385
386 385
386 385
386 386
386 386
386 386
386 386
387 387
387 387
387 387
386 387
386 388
386 388
386 388
386 388
386 389
386 389
386 389
386 390
386 390
386 390
386 390
386 391
386 391
386 391
386 392
386 392
386 392
386 392
387 392
387 393
387 393
386 393
386 393
386 393
385 393
385 394
385 394
385 394
385 394
385 394
385 394
385 394
385 394
384 394
384 394
384 394
383 394
383 395
383 395
383 395
383 395
383 395
383 395
382 395
382 395
383 395
382 395
382 395
383 395
382 395
382 395
381 395
382 395
381 395
381 395
381 395
381 395
381 395
380 395
381 395
380 395
380 395
380 395
380 395
380 395
380 395
380 395
380 395
380 395
380 395
380 394
380 394
380 394
380 393
380 393
380 393
380 393
381 392
381 392
381 392
381 392
381 392
381 392
381 392
381 391
372 383
372 383
372 384
372 384
371 384
371 384
371 384
371 384
371 385
371 385
371 385
371 385
371 385
371 385
371 386
371 386
371 386
371 386
371 386
371 386
371 386
371 387
371 387
371 387
371 387
371 387
371 387
371 387
371 387
371 387
371 387
371 387
371 387
371 387
371 388
371 388
371 388
370 388
370 388
370 388
370 388
370 388
370 389
370 389
370 389
370 389
371 389
371 390
370 390
370 390
370 390
370 390
370 391
370 391
370 391
371 391
371 391
371 392
371 392
371 392
371 392
371 392
371 392
371 392
372 392
372 393
372 393
372 393
372 393
372 393
373 393
373 393
373 393
373 393
373 393
374 393
374 393
374 393
373 393
373 393
374 393
374 392
374 392
374 392
375 392
375 392
375 392
374 391
374 391
374 391
374 391
374 391
374 391
374 391
374 390
374 390
374 390
373 390
373 390
373 390
373 389
372 389
372 389
373 389
373 389
372 389
372 389
372 389
372 389
372 389
372 388
371 388
371 388
371 388
371 388
371 388
371 388
372 388
372 388
372 388
372 388
372 388
372 388
372 389
372 389
371 389
372 388
371 388
371 388
371 388
371 389
371 388
371 388
371 389
371 389
371 389
370 389
370 389
370 389
370 389
370 389
370 389
370 389
370 389
370 389
370 389
370 389
370 389
370 388
370 388
370 388
370 388
370 388
370 388
370 388
370 388
370 388
370 388
370 388
370 388
370 388
370 387
370 387
370 387
370 387
370 387
370 386
369 386
369 386
369 386
369 386
369 385
369 385
368 385
368 385
357 396
357 396
357 396
357 396
357 397
356 397
356 397
357 397
357 397
356 398
356 398
357 398
357 398
357 398
357 398
357 398
357 399
356 399
356 399
356 399
356 399
356 399
356 400
356 400
356 400
356 400
356 400
356 401
356 401
356 401
356 402
356 402
356 402
356 403
356 403
357 403
356 403
357 404
356 404
356 404
356 404
356 405
357 405
357 405
357 405
357 405
357 406
357 406
357 406
358 406
358 406
358 406
358 407
358 407
358 407
358 407
358 407
358 407
358 407
359 407
359 408
359 408
359 408
359 408
359 408
359 408
360 407
359 407
359 407
360 407
360 407
360 407
361 407
361 407
361 407
362 407
362 407
362 407
361 407
362 407
362 407
362 407
363 407
363 407
363 406
363 406
363 406
363 406
363 406
363 406
363 406
364 406
364 406
364 406
364 405
364 405
364 405
364 404
364 404
364 404
364 403
364 403
363 402
363 402
363 401
361 395
361 395
361 395
361 395
362 395
362 395
362 396
362 396
362 396
361 396
362 396
362 397
362 397
361 397
361 397
362 397
362 397
362 398
362 398
361 398
361 398
362 398
361 398
361 398
361 399
362 399
362 399
362 399
361 399
361 399
361 400
361 400
361 400
361 400
361 400
362 401
362 401
362 401
362 401
362 402
362 402
361 402
361 403
360 403
360 403
360 403
360 404
360 404
360 404
360 405
360 405
360 405
360 405
360 405
360 405
360 405
360 406
361 406
361 406
361 406
361 406
361 406
361 405
361 405
361 405
361 405
362 405
362 405
362 405
362 405
361 404
361 404
361 404
362 404
361 404
361 403
361 403
360 403
360 402
360 402
360 402
361 402
361 401
361 401
361 401
358 403
358 403
358 403
358 404
358 404
358 404
358 404
358 405
358 405
357 405
357 406
357 406
358 406
357 406
357 406
357 407
357 407
357 407
357 407
356 408
356 408
357 408
357 408
357 408
357 409
357 409
357 409
358 409
357 409
358 410
357 410
357 410
357 410
357 410
358 410
358 410
358 411
358 411
358 411
358 411
358 411
358 411
359 411
359 411
360 411
360 411
360 411
360 411
361 411
361 411
361 411
361 411
361 411
361 411
362 411
362 411
362 411
362 411
363 411
363 411
364 411
364 411
364 411
364 411
365 410
365 410
365 410
366 410
366 410
366 410
367 410
367 410
367 410
368 409
368 409
368 409
368 409
368 409
368 409
368 409
369 409
368 409
368 409
369 409
369 409
369 409
369 409
369 409
369 409
369 409
369 409
368 409
368 409
368 408
368 408
368 408
368 408
369 408
368 407
368 407
368 407
368 407
368 407
368 406
363 410
363 410
363 411
362 411
362 411
362 411
362 411
362 412
361 412
361 412
361 412
361 412
361 413
362 413
362 413
362 413
361 414
361 414
362 414
362 414
361 414
361 414
360 414
360 414
360 414
360 415
360 415
360 415
360 415
360 415
360 415
360 415
360 414
360 414
361 414
361 414
360 414
361 414
361 414
361 414
362 414
362 414
363 414
363 414
363 414
363 414
364 414
364 414
364 414
365 414
365 414
365 414
364 414
364 414
364 414
364 414
365 414
365 414
365 414
365 414
364 414
364 414
365 414
365 414
364 414
364 414
364 414
364 414
364 414
364 413
364 413
364 413
364 413
364 413
364 413
363 412
363 412
363 412
364 412
363 411
363 411
363 411
363 410
363 410
363 410
363 409
363 409
363 408
362 408
356 395
356 395
356 396
355 396
355 396
355 396
354 397
354 397
354 397
354 397
354 398
354 398
354 398
354 398
354 399
354 399
354 399
354 399
354 399
354 400
354 400
354 400
354 400
354 400
354 400
353 400
354 400
353 400
353 400
354 400
354 400
354 400
354 400
353 400
353 400
353 400
353 400
353 400
353 400
353 400
353 400
353 400
353 400
352 400
353 400
352 400
352 400
352 400
352 400
352 400
351 400
351 400
351 400
351 400
351 400
350 399
350 399
350 399
350 399
350 399
349 399
350 399
349 399
349 399
349 399
349 399
349 399
349 399
349 399
348 399
348 399
348 399
348 399
348 399
348 399
347 399
347 399
347 399
346 399
346 399
346 399
345 399
345 399
344 399
344 399
343 398
343 398
342 398
342 398
342 398
342 398
342 398
341 398
340 398
341 398
341 398
341 398
340 398
340 398
340 398
339 398
339 398
339 398
338 398
338 398
338 398
338 398
338 398
338 398
338 398
338 398
338 398
338 398
338 398
338 398
338 398
338 397
339 397
339 397
339 397
339 397
339 397
339 396
339 396
340 396
340 396
340 395
340 395
340 395
368 395
368 395
368 395
368 396
368 396
368 396
368 396
368 397
368 397
367 397
367 397
368 397
367 398
368 398
368 398
369 398
368 398
369 398
369 398
369 398
369 398
370 398
370 398
370 398
371 398
372 398
372 398
372 398
372 398
373 398
373 398
372 398
372 398
373 398
373 398
374 398
375 398
375 398
375 398
375 398
375 398
376 398
376 398
376 398
376 398
377 398
377 398
377 398
378 398
378 398
378 398
379 398
379 398
379 398
380 398
380 398
381 398
380 398
381 398
381 398
382 398
382 398
383 398
383 398
383 398
384 398
384 398
385 398
385 398
385 398
385 398
385 398
385 398
385 398
385 398
385 398
385 398
386 398
386 398
386 398
386 398
386 398
386 398
386 398
386 398
386 398
386 398
386 398
386 398
386 398
386 398
385 399
385 399
385 399
386 399
386 399
386 399
386 398
385 398
385 398
385 398
385 398
385 398
385 398
384 398
384 398
384 398
384 398
384 398
338 411
338 411
338 411
338 412
338 412
338 412
338 412
338 412
337 413
337 413
338 413
337 413
338 413
338 413
338 414
338 414
338 414
337 414
338 414
338 414
338 414
338 414
338 414
338 414
338 414
338 414
338 414
338 414
337 414
337 414
337 414
337 415
337 415
338 415
338 415
337 415
338 415
338 416
338 416
338 416
338 416
338 416
338 417
339 417
339 417
339 417
339 417
338 418
338 418
338 418
337 418
337 419
337 419
337 419
337 419
338 419
337 419
337 420
337 420
337 420
337 420
337 420
338 421
338 421
338 421
337 421
338 422
338 422
338 422
338 423
338 423
338 423
339 423
339 424
338 424
338 424
338 424
338 425
338 425
338 425
339 426
339 426
339 426
338 427
338 427
337 428
338 428
338 428
338 429
338 429
338 430
338 430
338 430
338 431
338 431
338 432
337 432
337 432
337 432
337 433
337 433
337 433
337 433
337 434
337 434
337 434
337 435
337 435
337 435
337 435
337 436
337 436
337 436
337 436
338 436
338 436
338 437
337 437
338 437
337 437
337 437
337 437
337 437
338 437
338 437
338 437
338 437
338 437
338 437
338 437
338 437
339 437
339 437
338 437
338 436
339 436
338 436
338 436
337 436
337 436
337 435
337 434
337 434
337 433
387 406
387 406
386 406
387 406
387 406
387 407
387 407
387 407
387 407
386 407
386 407
386 407
386 408
387 408
387 408
387 408
387 408
386 408
386 409
387 409
387 409
387 409
387 409
387 410
387 410
387 410
387 410
387 410
387 410
387 411
387 411
387 411
387 411
386 411
386 412
386 412
386 412
386 412
385 412
386 413
386 413
386 413
386 413
386 414
386 414
386 414
386 414
386 414
386 415
386 415
386 415
386 416
386 416
386 416
386 416
386 417
386 417
386 417
386 418
385 418
385 418
386 419
386 419
386 420
386 420
386 421
386 421
386 422
387 422
387 423
387 423
387 423
387 424
387 424
387 425
387 425
387 426
387 426
387 427
387 427
387 428
387 428
387 428
388 429
388 429
388 429
389 430
389 430
389 430
389 430
388 430
388 431
388 431
387 431
387 431
387 431
387 431
387 431
387 431
387 432
388 432
388 432
388 432
388 432
388 431
388 431
388 431
388 431
388 431
389 430
389 430
389 430
389 430
389 429
389 429
389 429
389 428
388 428
388 428
388 427
388 427
388 426
340 419
339 419
339 420
339 420
339 420
338 420
338 421
339 421
339 421
339 421
339 421
339 421
339 421
338 421
338 422
338 422
338 422
338 422
338 422
338 422
338 422
338 422
337 422
337 422
337 422
337 422
338 422
338 422
338 422
338 422
338 422
337 423
338 423
337 423
337 423
337 423
337 423
337 423
337 424
336 424
337 424
336 424
336 424
336 424
335 424
335 424
335 424
334 425
334 425
334 425
334 425
334 425
333 426
333 426
333 426
333 426
332 426
331 426
331 427
331 427
330 427
330 427
330 427
329 427
330 427
330 427
330 427
330 427
330 428
330 428
330 428
329 428
329 428
329 428
329 428
329 428
329 428
329 428
330 428
330 428
330 428
330 428
330 428
330 428
329 428
329 428
329 428
329 428
328 428
329 429
328 429
328 429
328 429
328 430
328 430
327 430
327 430
327 430
327 431
327 431
326 431
326 431
325 432
324 432
324 432
323 433
323 433
323 433
323 433
322 433
322 434
322 434
322 434
321 434
321 435
321 435
321 435
321 435
321 435
321 435
320 435
320 435
320 435
320 435
320 435
320 435
320 435
320 435
320 435
318 435
318 435
318 435
317 435
317 436
317 436
317 436
317 436
317 436
316 436
316 436
316 436
316 436
316 436
317 436
317 436
317 436
317 436
316 436
316 436
316 436
316 436
316 436
316 436
316 436
316 436
315 436
315 436
315 436
316 436
316 436
315 436
316 436
316 435
316 435
316 435
316 434
317 434
317 433
326 429
326 430
326 429
326 429
326 429
326 429
326 429
325 429
325 429
325 429
324 429
324 429
324 429
324 429
323 429
323 429
323 429
323 429
323 429
322 429
322 429
322 428
322 428
322 428
321 428
321 428
320 428
319 428
319 427
319 427
318 427
318 427
318 427
317 427
317 427
317 427
317 427
316 427
316 426
316 426
317 426
316 426
316 426
316 426
316 426
316 426
316 426
316 426
316 427
315 427
315 427
315 427
314 427
314 427
313 427
313 427
313 427
313 428
312 428
312 428
312 428
312 428
311 429
311 429
311 429
310 430
310 430
309 430
309 431
309 431
308 431
308 431
308 431
307 432
308 432
307 432
306 432
306 432
306 432
306 433
306 433
306 433
306 433
306 433
306 433
305 434
305 434
305 434
305 434
305 435
304 435
303 435
303 436
302 436
301 436
301 437
300 437
300 437
299 437
298 438
298 438
297 438
296 439
295 439
294 439
293 440
293 440
292 440
292 441
291 441
290 441
291 442
290 442
290 442
289 442
289 443
289 443
288 443
287 443
287 444
286 444
286 444
285 445
285 445
284 445
284 445
283 446
283 446
282 446
281 447
280 447
279 447
279 448
279 448
278 448
278 449
277 449
276 449
275 449
274 450
274 450
272 450
271 450
270 451
270 451
269 451
269 451
268 451
267 452
267 452
266 452
266 452
265 452
266 452
265 453
265 453
265 453
265 453
265 453
265 453
265 453
265 453
265 453
265 453
265 453
264 452
265 452
265 452
265 452
265 451
265 451
265 451
306 433
306 433
306 433
306 433
306 433
306 434
306 434
306 434
306 434
306 434
306 434
306 434
306 435
306 435
306 435
305 435
305 436
305 436
305 436
305 436
305 437
305 437
305 437
305 437
304 438
304 438
304 439
304 439
304 440
304 440
304 441
304 441
304 441
304 442
303 442
303 443
303 443
303 444
302 444
302 445
303 445
303 446
303 446
303 447
303 448
304 448
304 448
303 449
303 449
304 450
304 451
304 451
305 452
305 453
305 453
305 454
305 454
305 455
305 455
306 456
306 456
306 457
306 457
306 458
307 458
306 459
306 459
306 460
306 460
306 461
307 461
307 461
307 462
308 462
307 462
307 463
307 463
307 463
307 463
307 463
308 464
308 464
309 464
309 464
308 464
309 464
308 464
308 464
308 463
317 424
317 424
317 424
316 424
317 424
317 424
317 425
317 425
317 425
317 425
317 426
317 426
317 426
317 426
317 426
317 426
317 427
317 427
318 427
317 428
317 428
317 428
316 428
317 429
317 429
317 429
317 430
317 430
317 430
316 430
316 431
316 431
316 432
316 432
316 433
316 433
315 434
315 434
315 435
315 435
314 435
314 436
314 436
314 437
314 437
314 438
314 438
313 439
313 439
312 440
312 440
312 441
312 441
312 441
312 442
311 442
312 443
312 443
312 444
312 444
312 445
313 445
312 446
313 446
312 447
312 447
312 448
312 448
312 449
313 449
312 450
312 451
312 451
312 452
313 452
313 453
313 453
314 454
314 454
314 455
313 455
313 456
313 456
314 457
315 458
315 458
314 459
314 459
315 460
315 460
314 460
315 461
315 461
315 461
315 462
315 462
315 462
315 463
315 463
315 463
315 463
316 463
316 464
316 464
316 464
316 464
316 464
316 464
317 464
317 464
317 464
317 464
317 464
316 464
317 464
318 464
317 464
316 464
317 464
316 464
316 464
316 463
316 463
316 462
316 462
315 462
315 461
315 461
316 461
316 460
315 460
387 417
387 418
387 418
387 419
386 419
386 419
387 419
387 420
387 420
388 420
387 420
387 420
387 420
387 420
387 420
387 421
387 421
387 421
386 421
387 421
387 421
387 421
387 421
388 421
388 422
389 422
389 422
390 422
390 422
390 423
390 423
391 423
391 423
391 424
391 424
392 424
393 425
393 425
393 426
394 426
395 426
395 426
395 426
395 427
395 427
396 427
395 427
396 427
396 427
397 428
396 428
396 428
397 428
397 428
397 428
397 429
397 429
398 429
398 429
398 429
399 430
400 430
400 430
400 430
401 430
402 431
402 431
402 431
403 431
403 431
403 432
403 432
404 432
404 432
404 432
405 432
405 432
406 432
406 432
406 432
407 432
407 432
407 432
408 432
408 432
408 432
408 432
409 432
409 432
410 432
410 432
410 432
411 431
411 431
411 431
412 431
412 431
412 432
412 432
412 432
413 432
413 432
413 432
413 431
414 431
414 431
414 431
416 431
416 431
417 431
417 431
417 431
417 431
418 431
418 431
419 431
419 432
419 432
420 432
420 432
420 432
421 432
421 432
421 432
421 432
421 432
422 432
422 432
423 432
423 432
424 432
425 432
426 432
426 432
427 433
428 433
429 433
429 433
429 433
430 434
431 434
431 434
432 434
433 434
433 435
433 435
434 435
434 435
434 435
434 435
435 435
436 435
436 436
437 436
437 436
437 436
438 437
438 437
438 437
439 437
440 437
440 438
441 438
442 438
441 438
442 438
442 439
443 439
444 439
445 439
446 440
447 440
447 440
448 440
449 441
449 441
450 441
451 441
451 441
452 442
453 442
455 442
455 443
456 443
456 444
457 444
457 445
458 445
459 445
460 445
461 446
461 446
462 446
462 447
462 447
463 447
464 448
464 448
466 448
466 448
466 448
466 449
466 449
467 449
467 449
468 449
468 449
468 449
468 450
469 450
469 450
470 450
470 450
470 450
469 450
470 450
470 450
470 450
469 450
468 449
468 449
467 449
466 448
466 447
465 447
465 446
415 425
416 425
415 426
415 426
416 427
416 427
415 428
415 428
416 428
416 429
416 429
416 429
416 430
415 430
415 430
416 430
416 431
417 431
417 431
417 432
417 432
418 433
418 434
418 434
418 435
419 435
419 436
419 436
419 437
419 438
419 438
418 439
419 439
419 440
419 441
419 441
418 442
419 442
418 443
419 443
419 443
419 444
419 444
419 445
419 445
419 446
419 446
419 447
419 447
419 447
419 448
418 448
418 448
418 449
418 449
418 450
418 451
418 451
418 452
418 452
418 453
418 453
418 454
419 454
419 455
419 455
419 456
418 457
418 458
419 458
419 459
419 459
419 460
419 460
420 460
420 461
419 461
419 461
419 461
419 462
419 462
419 462
419 462
418 462
418 463
418 463
418 463
418 463
417 462
417 462
417 461
418 461
418 461
418 460
433 431
432 431
432 432
433 432
433 432
433 433
434 433
434 433
434 434
434 434
434 434
434 435
434 435
434 435
434 436
434 436
434 436
434 437
434 437
434 437
434 437
434 438
434 438
434 438
434 439
434 439
434 439
434 440
434 440
434 440
434 441
434 441
434 441
434 442
435 442
435 443
435 443
435 444
435 444
435 444
435 445
434 445
434 445
433 446
433 446
433 447
433 447
433 447
433 448
433 448
432 448
432 449
432 449
432 449
432 450
432 450
431 450
431 451
431 451
431 451
431 452
431 452
431 452
432 453
432 453
431 453
431 453
431 454
431 454
431 454
431 455
431 455
431 455
431 456
431 456
431 456
431 456
431 457
430 457
431 457
431 457
431 457
431 457
431 457
432 458
432 458
432 458
431 458
431 458
431 458
432 458
432 458
432 458
431 458
431 458
431 458
431 458
431 458
431 457
431 457
432 457
432 456
431 456
430 456
430 455
430 455
430 455
430 454
430 454
321 435
321 435
321 435
321 435
320 435
320 436
320 436
320 436
319 436
319 436
319 436
319 436
319 436
320 436
320 436
321 436
321 437
321 437
321 437
321 437
322 437
321 437
321 437
320 437
320 437
321 438
320 438
320 438
320 438
320 438
320 439
320 439
320 439
320 439
319 440
319 440
319 440
319 441
319 441
319 441
319 442
318 442
318 442
319 443
319 443
319 443
319 444
320 444
320 445
321 445
321 445
320 446
320 446
321 446
321 446
321 447
322 447
321 447
322 448
322 448
322 448
322 449
323 449
323 449
323 449
323 449
323 450
323 450
324 450
325 450
325 450
325 450
326 451
326 451
325 451
326 451
326 451
326 451
327 451
327 452
328 452
329 452
330 452
331 453
331 453
332 453
333 453
334 454
334 454
334 454
335 454
335 455
336 455
337 455
338 455
339 455
339 455
340 456
341 456
342 456
343 456
343 456
344 456
346 456
348 456
349 456
350 457
351 457
352 457
353 457
354 457
356 457
357 457
358 457
358 457
360 457
361 457
362 457
364 457
365 457
366 457
367 457
368 457
370 457
371 457
372 457
373 457
374 457
376 456
377 456
379 456
380 456
382 456
383 456
384 456
384 456
385 455
386 455
388 455
389 455
390 455
391 455
392 454
392 454
393 454
415 427
415 427
414 427
414 427
414 427
414 427
414 427
414 427
414 427
414 427
414 427
414 427
414 427
414 427
414 427
359 450
358 450
358 450
357 450
357 450
356 449
356 449
355 449
355 449
355 449
354 449
354 449
354 449
354 449
353 449
353 449
352 448
351 449
351 448
350 449
350 449
349 449
349 449
349 449
347 449
347 448
346 448
346 448
344 448
342 448
342 448
340 448
340 448
338 448
338 448
338 448
337 448
336 448
335 448
334 448
333 448
332 448
331 448
330 448
330 448
329 448
329 448
328 448
328 448
327 448
326 447
326 447
324 447
324 447
323 447
322 447
322 447
321 447
321 447
321 447
321 447
320 447
321 447
320 446
320 446
320 446
320 446
320 446
320 446
319 446
319 446
319 445
319 445
319 445
320 444
320 444
320 443
321 442
377 445
377 444
378 444
378 444
379 444
380 444
380 444
380 444
382 444
382 444
383 444
384 444
385 444
386 444
387 444
388 444
389 444
390 444
390 444
390 444
390 444
392 444
393 444
394 444
394 444
395 444
396 444
397 444
398 444
398 444
399 444
400 444
401 444
402 444
402 444
403 444
403 444
403 444
404 444
404 444
404 444
404 444
404 444
404 444
405 444
404 444
404 444
405 444
405 444
405 444
405 443
405 443
405 443
405 443
406 443
405 443
404 442
404 442
404 441
346 419
346 419
346 419
346 419
345 419
345 419
345 419
345 419
345 419
345 419
345 420
345 420
346 420
345 420
346 420
346 421
346 421
347 421
346 421
346 422
346 422
346 422
347 423
347 423
347 424
347 424
347 425
348 425
348 425
348 426
348 426
348 427
348 427
348 428
348 428
349 429
349 429
349 430
350 431
350 431
350 432
350 432
351 433
351 433
352 434
352 435
353 435
353 436
353 437
353 437
354 438
354 438
354 439
355 439
355 439
356 440
357 440
357 440
357 440
357 441
357 441
357 441
358 441
358 441
358 442
358 442
358 442
358 442
359 442
358 442
358 442
358 441
358 441
358 441
358 441
358 440
358 440
357 440
357 439
357 439
357 438
357 437
379 424
379 424
379 425
379 425
379 425
380 426
380 426
380 426
380 426
380 426
380 427
380 427
380 427
380 428
380 428
379 429
379 429
379 429
379 430
379 430
378 431
378 431
378 431
377 432
377 432
377 433
377 433
377 434
376 434
376 435
376 435
376 435
376 436
376 436
375 437
375 437
375 438
374 438
374 439
374 439
373 440
373 440
373 441
372 441
372 441
371 442
371 442
371 442
371 443
370 443
370 443
370 443
370 443
370 444
370 444
369 444
369 444
369 444
369 444
370 444
370 444
369 444
370 444
369 444
369 444
369 444
369 444
369 444
369 444
370 444