325 168
326 168
326 168
326 168
326 168
325 168
326 168
325 168
326 168
325 168
325 168
325 169
325 169
325 169
325 169
325 169
325 169
325 170
325 170
324 170
324 170
324 170
324 171
324 171
324 171
324 171
324 171
324 171
324 171
323 171
323 172
323 172
324 172
324 172
324 172
324 172
324 172
324 172
324 172
323 172
323 172
323 172
323 172
323 172
323 172
323 172
323 173
323 173
323 173
323 173
323 173
323 173
323 173
323 173
323 173
323 174
323 174
322 174
322 174
322 175
322 175
322 175
322 176
321 176
321 176
321 176
321 177
321 177
321 177
321 177
320 178
320 178
320 178
320 179
320 179
319 180
319 180
319 180
319 181
319 181
319 181
319 182
319 182
318 182
318 183
318 183
318 184
317 184
317 185
317 185
317 186
317 186
316 187
316 187
316 188
316 188
315 188
316 189
315 189
315 190
315 190
314 191
314 191
314 191
313 192
313 192
313 193
313 193
312 194
312 194
312 194
311 195
311 195
311 195
311 196
311 196
310 196
310 197
310 197
310 197
309 198
309 198
309 199
309 199
308 200
308 200
307 200
307 201
307 202
306 202
306 202
306 203
305 203
305 204
305 204
305 204
305 205
305 205
304 205
304 206
304 206
303 206
303 206
303 207
303 207
303 207
303 207
302 208
302 208
302 208
302 209
302 209
302 209
302 209
301 210
301 210
301 210
301 210
301 211
301 211
300 212
300 212
299 212
299 212
299 213
299 213
299 213
299 213
299 213
299 214
298 214
298 214
298 214
298 214
298 214
298 214
298 214
298 214
298 214
298 214
298 215
298 215
298 215
298 215
298 215
298 215
298 215
298 215
298 215
298 215
299 215
299 215
299 215
299 215
300 215
300 214
300 214
301 214
301 214
302 214
302 214
303 213
303 213
303 213
304 213
305 212
305 212
306 212
306 212
307 211
307 211
307 211
308 210
309 210
309 209
310 209
311 209
312 208
312 208
313 208
314 208
314 207
315 207
315 207
316 207
316 207
316 207
317 207
317 206
317 206
318 206
318 206
318 206
318 206
318 206
319 206
319 206
319 206
319 205
319 205
319 205
319 205
319 205
319 205
319 205
319 205
319 205
319 206
319 206
319 206
319 206
319 206
319 206
319 206
319 206
319 206
319 206
319 206
319 206
319 206
319 206
318 206
318 206
318 206
318 206
318 207
318 207
317 207
317 207
317 208
317 208
317 208
317 209
316 209
316 209
316 209
316 210
315 210
315 210
315 210
315 211
314 211
314 211
314 211
313 212
313 212
313 212
313 212
313 213
313 213
313 213
312 213
312 214
312 214
312 215
312 215
311 216
311 216
311 216
310 217
310 217
310 218
310 218
309 219
309 219
309 219
308 220
308 220
308 220
307 221
307 221
307 222
307 222
306 223
306 223
306 224
306 224
305 224
305 225
305 225
305 226
304 226
304 227
304 227
304 227
304 228
303 228
303 229
303 229
303 230
303 230
302 231
302 231
302 232
301 232
301 233
301 233
301 233
300 234
300 234
300 234
300 235
300 235
300 236
299 236
299 236
299 237
299 237
299 237
299 238
299 238
299 239
298 239
298 240
298 240
297 241
297 241
297 241
297 242
297 242
297 243
297 243
296 244
296 244
295 245
295 245
294 246
294 246
293 247
293 248
292 248
292 249
291 250
291 250
290 251
289 251
289 252
289 253
288 253
288 254
287 254
287 255
286 255
286 255
286 256
285 256
284 257
284 257
284 257
283 258
283 258
283 259
282 259
282 259
282 260
282 260
282 260
281 261
281 261
281 262
280 262
280 262
279 262
279 263
278 263
278 263
278 264
278 264
278 264
277 264
277 264
277 265
277 265
276 265
276 266
276 266
276 266
275 267
275 267
275 268
274 268
274 268
274 269
273 269
272 269
272 270
272 270
272 271
272 271
271 271
271 272
270 272
270 273
270 273
269 273
269 274
269 274
269 274
268 274
267 275
267 275
267 275
267 275
266 275
266 275
266 275
266 276
266 276
266 276
266 276
265 276
265 276
265 276
265 276
265 276
265 276
265 276
265 276
265 276
265 276
265 276
266 276
266 276
267 276
267 276
267 276
267 276
268 276
268 276
269 276
269 276
270 276
270 275
271 275
271 275
272 275
272 275
273 275
274 274
274 274
275 274
276 273
277 273
277 273
278 272
279 272
280 272
280 271
280 271
281 271
282 270
283 270
284 269
284 269
285 268
286 268
287 267
287 267
288 266
289 266
290 265
290 265
291 265
291 264
291 264
292 263
292 263
293 263
293 262
294 262
294 262
295 261
296 261
296 260
296 260
297 260
297 259
298 259
298 259
299 258
299 258
299 258
300 258
299 257
299 257
299 257
299 257
300 257
300 257
300 257
300 256
300 256
299 256
299 256
300 256
300 256
300 256
300 256
300 256
300 256
300 257
300 257
300 257
300 257
300 257
300 258
300 258
300 258
300 259
300 259
300 260
300 260
300 261
300 261
300 262
300 262
299 263
299 264
299 265
298 265
298 266
297 267
297 267
297 268
297 269
296 270
296 270
295 271
295 271
295 272
294 273
294 273
293 274
293 274
293 275
292 275
292 276
291 277
291 277
290 278
290 279
289 279
288 280
288 280
288 281
288 282
287 282
286 283
286 283
286 284
285 285
284 285
284 286
284 286
284 287
283 287
283 288
282 288
281 289
281 289
281 290
280 290
280 290
280 290
280 291
279 291
279 291
279 292
279 292
278 292
278 292
277 293
278 293
277 294
277 294
276 295
276 295
275 296
275 296
275 297
274 297
274 298
273 298
272 299
272 299
271 300
271 301
270 301
270 302
270 302
269 303
268 304
268 304
267 305
267 305
266 306
265 307
265 307
264 308
264 308
263 309
262 310
261 310
260 311
260 312
260 312
259 313
259 313
258 314
258 315
257 315
257 316
256 316
255 317
254 318
253 318
252 319
252 319
252 320
251 320
251 321
251 322
251 322
250 323
249 324
248 324
248 325
248 325
247 326
246 326
246 327
246 327
245 328
244 329
244 329
243 330
242 330
242 331
241 331
241 332
240 333
240 333
240 334
240 334
239 335
239 335
238 335
238 336
237 336
237 337
236 337
236 338
236 339
235 339
235 340
234 340
233 341
233 341
233 341
233 342
233 342
232 342
232 342
232 343
232 343
231 343
232 343
231 343
231 343
231 343
230 343
230 344
230 344
230 344
229 344
229 344
229 344
229 344
229 344
229 344
229 345
228 345
230 345
230 345
230 345
231 345
231 345
232 345
232 345
232 345
233 345
233 345
234 345
234 345
234 345
234 345
236 345
236 345
237 344
237 344
238 344
239 344
240 344
241 343
242 343
243 343
243 343
243 342
244 342
245 342
246 341
247 341
247 341
248 340
249 340
250 340
251 340
252 339
253 339
254 339
255 339
255 338
256 338
256 338
257 337
258 337
259 337
260 336
261 336
261 336
262 335
262 335
263 335
263 335
264 334
264 334
265 334
265 334
266 334
267 333
267 333
267 333
268 333
268 333
268 333
269 333
270 333
271 333
272 333
272 332
273 332
273 332
273 332
273 332
274 332
274 332
274 332
274 332
274 332
274 332
273 332
274 332
274 332
274 332
274 332
275 332
275 332
275 332
275 332
275 332
275 332
275 332
274 332
274 332
274 332
275 332
275 333
275 333
275 333
275 333
275 333
275 334
274 334
274 334
274 335
273 335
273 335
273 336
273 336
273 337
272 338
271 338
271 339
271 339
271 340
271 341
271 341
270 342
270 342
270 343
269 344
269 344
269 345
269 345
268 346
267 346
267 346
267 347
266 347
266 348
265 349
265 349
265 350
265 350
265 351
265 351
265 352
264 352
264 353
263 353
262 354
262 355
262 355
261 356
260 356
260 357
260 358
259 358
259 359
259 359
258 360
258 361
258 361
258 362
257 362
256 363
256 364
255 364
255 365
254 366
254 366
253 367
252 367
251 368
250 368
249 369
249 369
248 370
248 370
247 371
246 371
246 372
246 372
246 373
246 374
245 374
244 375
243 375
242 376
242 377
242 377
240 378
240 379
239 380
239 381
238 381
238 382
238 383
237 384
236 384
236 385
235 386
234 386
233 387
232 387
232 388
231 389
231 389
231 390
230 391
230 391
229 392
228 393
227 393
227 394
226 394
226 395
225 396
225 396
224 397
223 398
222 398
222 399
222 400
221 401
220 401
220 402
220 403
219 403
218 404
218 405
217 406
216 406
215 407
214 408
214 408
213 409
213 409
212 410
211 411
211 411
210 412
210 412
209 413
209 413
208 414
208 414
208 415
207 415
207 415
207 415
207 416
206 416
206 417
204 417
203 417
203 418
203 418
202 419
201 420
201 420
200 421
200 421
199 422
199 422
198 423
197 424
196 424
195 425
195 425
194 426
194 427
193 427
192 428
192 429
191 429
191 430
190 430
189 430
187 431
187 431
186 432
185 433
185 433
184 434
184 435
184 435
184 436
184 436
184 437
184 437
183 438
183 438
183 438
182 439
182 439
181 439
181 439
180 439
180 439
180 440
181 440
180 440
181 440
181 440
180 440
179 440
180 440
180 441
181 441
182 441
183 441
182 441
183 441
183 441
183 441
184 441
184 441
184 441
184 441
184 440
185 440
185 440
186 440
186 440
186 440
188 440
188 440
188 440
188 440
188 440
189 440
189 440
190 440
191 440
192 439
192 439
192 439
194 439
194 438
194 438
196 438
197 438
198 438
198 438
198 437
199 437
199 437
199 436
199 436
200 436
201 436
201 436
202 435
202 435
203 435
204 434
204 434
205 433
206 433
207 433
207 432
208 432
208 432
208 431
209 431
209 430
210 430
210 430
211 430
211 429
212 429
213 429
213 428
213 428
214 428
215 427
216 427
216 427
217 426
217 426
217 425
218 425
218 424
218 424
219 423
220 423
220 423
221 422
222 422
223 422
224 421
225 421
226 420
227 420
229 420
230 419
232 419
232 419
233 419
234 418
235 418
235 418
234 417
233 417
234 417
234 417
235 417
235 417
235 417
235 417
236 417
236 417
236 417
236 417
236 417
236 417
237 417
237 417
237 417
237 417
237 417
237 416
237 416
236 416
237 416
236 416
236 416
237 417
236 416
235 417
236 417
236 417
237 417
237 417
236 417
236 418
236 418
236 418
236 419
235 419
235 419
235 420
235 420
234 420
234 421
233 421
233 422
233 422
233 423
233 423
232 424
232 424
231 425
231 425
231 426
231 426
230 427
230 427
229 428
229 428
229 429
229 429
229 430
228 431
228 431
228 432
227 432
227 433
227 433
226 434
226 434
225 435
224 436
224 436
224 437
223 437
224 438
223 439
222 439
221 440
221 441
221 442
220 442
221 443
220 444
220 445
219 445
218 446
218 447
218 447
218 448
217 449
217 449
216 450
217 450
216 451
216 452
216 452
215 453
214 454
214 455
214 455
213 456
213 457
213 457
212 458
212 459
212 459
212 460
213 461
212 461
211 462
210 463
210 463
210 464
209 464
209 465
208 465
208 466
208 466
208 467
207 467
207 468
207 468
207 469
206 469
206 470
204 470
204 471
204 472
204 472
203 473
203 473
202 474
203 475
202 475
201 476
199 476
199 477
199 478
198 479
198 479
197 480
197 481
197 481
196 482
196 482
195 483
194 483
193 484
193 484
193 485
192 485
191 486
190 486
190 486
189 487
189 488
189 488
188 488
187 489
188 489
189 490
187 490
187 491
187 491
186 491
186 492
184 492
184 492
183 493
183 494
182 494
181 495
181 496
181 496
181 497
182 497
182 498
181 499
181 499
180 500
179 500
179 500
178 501
177 501
178 502
177 502
177 503
176 503
176 504
176 504
176 504
176 505
175 505
175 506
176 506
176 507
175 507
175 508
175 508
174 509
173 509
173 509
172 509
172 510
171 510
172 510
171 510
170 510
170 511
170 511
169 512
169 512
168 512
167 513
167 513
166 513
165 513
164 513
164 514
164 514
164 514
163 515
163 515
165 515
164 515
164 515
165 515
163 515
164 516
164 515
163 516
163 516
163 516
163 516
162 516
163 516
164 516
163 516
163 516
163 516
163 516
163 516
164 516
165 516
164 516
164 516
163 516
163 516
164 516
163 516
164 516
163 516
163 516
163 516
162 516
162 516
162 516
161 516
161 516
162 516
164 516
164 516
164 516
163 516
163 516
163 516
163 517
164 516
163 516
164 516
164 516
164 516
165 516
164 516
165 516
165 516
165 515
166 515
166 515
168 515
169 515
170 515
172 515
173 514
174 514
175 514
175 514
176 514
178 514
178 513
177 513
178 513
179 513
180 513
181 512
182 512
182 512
182 512
183 511
183 511
184 511
184 511
186 510
187 510
188 510
189 509
190 509
192 509
192 508
193 508
193 507
195 507
196 507
198 507
198 506
199 506
200 505
200 505
201 505
201 504
203 504
203 503
205 503
205 503
206 502
208 502
208 502
208 502
209 502
209 501
207 501
208 501
208 501
209 500
209 500
210 500
210 500
211 500
211 499
212 499
213 499
213 498
215 498
216 498
215 497
217 497
217 497
218 496
220 496
220 495
221 495
223 495
223 494
224 494
225 494
226 493
227 493
228 493
230 492
232 492
233 492
234 491
234 491
235 490
235 490
235 490
234 489
235 489
234 488
234 488
235 487
235 487
236 487
236 486
237 486
236 485
238 485
239 485
241 485
241 485
241 484
241 484
242 484
241 484
240 483
240 483
241 483
241 483
241 483
242 483
242 483
243 483
243 483
241 483
242 483
242 483
242 483
241 483
241 483
241 483
240 483
241 483
240 482
240 483
240 483
240 483
240 483
240 483
241 483
241 483
242 483
242 483
242 483
242 483
242 483
242 483
241 483
242 484
242 484
243 484
242 484
242 484
242 484
242 484
242 484
241 484
242 484
242 484
243 484
243 484
242 484
242 485
242 485
242 485
241 486
242 486
242 486
242 487
242 487
242 488
243 488
242 488
242 489
242 489
241 489
241 490
241 490
241 491
240 491
240 491
239 492
238 492
238 492
238 493
239 493
239 494
239 494
239 494
239 495
239 495
239 495
239 496
238 496
239 496
237 496
237 497
236 497
236 498
235 498
235 498
233 499
233 499
233 500
234 500
234 500
233 501
232 501
233 501
232 502
233 502
233 503
232 503
230 503
228 504
229 504
228 505
228 506
227 507
227 507
226 508
224 508
223 509
222 509
222 510
223 510
222 510
222 511
222 511
221 511
222 512
223 512
224 512
224 513
223 513
222 513
222 513
223 514
222 514
222 514
223 514
223 514
223 514
222 514
221 514
220 514
220 514
220 514
219 514
220 514
220 514
221 514
220 514
220 514
222 514
222 514
224 515
224 515
225 515
225 515
225 515
225 515
225 515
225 515
226 515
225 515
225 515
225 515
224 515
224 515
224 515
224 515
224 515
224 515
224 515
224 515
224 515
224 515
225 515
225 515
226 515
227 514
228 514
229 514
232 514
232 514
233 513
234 513
235 513
236 512
237 512
238 512
238 511
239 511
241 511
243 510
244 510
243 510
245 509
245 509
247 508
248 508
247 508
247 507
247 507
247 507
248 507
248 506
249 506
248 505
249 505
249 505
249 505
250 504
251 504
251 504
252 503
253 503
253 503
254 502
254 502
254 501
255 501
256 501
256 501
257 501
257 501
257 500
258 500
258 500
259 499
259 499
260 499
260 498
261 498
262 498
263 497
263 497
262 497
263 496
264 496
264 496
265 496
266 495
266 495
267 494
266 494
266 493
267 493
268 493
269 492
270 492
271 492
271 491
272 491
273 490
274 490
275 490
275 489
276 489
277 488
279 488
278 488
279 487
280 487
280 487
281 486
280 486
280 485
280 485
281 485
282 485
283 484
283 484
283 484
284 483
284 483
285 483
285 482
285 482
286 482
286 481
287 481
287 480
288 480
289 480
289 480
289 480
289 479
289 479
290 479
289 478
290 478
291 478
291 478
291 477
291 477
292 477
294 477
294 477
296 477
295 476
295 476
294 476
294 476
294 476
294 476
295 476
295 476
296 475
297 475
297 475
297 475
297 474
298 474
297 473
298 473
299 473
299 472
299 472
300 472
300 472
301 471
301 471
302 471
304 470
304 470
304 470
303 469
304 469
304 469
304 469
305 468
305 468
305 468
305 468
306 468
305 468
305 467
305 468
306 467
306 467
306 467
306 467
306 467
306 467
307 467
307 467
307 467
307 467
307 467
307 467
306 467
306 467
306 467
307 467
307 467
307 467
307 467
307 467
307 468
307 468
307 468
308 468
307 468
307 468
306 468
307 468
307 468
307 468
307 468
307 468
307 468
306 468
306 468
306 468
306 468
306 468
306 469
306 469
306 469
306 469
306 470
306 470
306 470
306 470
306 470
306 470
306 470
306 469
308 468
307 468
307 468
307 467
307 467
308 466
307 466
329 156
329 156
328 156
328 156
329 156
329 156
329 157
329 157
328 157
328 157
328 158
328 158
328 158
328 159
328 159
328 159
328 160
328 160
328 160
328 161
328 161
328 161
328 161
328 162
328 162
328 162
328 162
328 162
328 162
328 163
328 163
328 163
327 163
327 163
327 163
327 163
327 163
327 163
327 163
327 163
327 163
328 164
327 164
328 164
328 164
328 164
328 164
328 164
328 164
329 165
329 165
329 165
329 165
329 165
329 166
329 166
330 166
330 166
330 166
330 166
329 167
330 167
330 167
330 167
330 168
330 168
330 168
330 169
330 169
330 169
330 170
331 170
331 170
331 170
331 171
331 171
331 172
331 172
331 172
331 172
331 173
332 173
332 173
332 174
332 174
332 174
332 175
332 175
332 175
332 176
332 176
333 176
333 177
333 177
333 178
333 178
333 179
333 179
333 179
333 180
333 180
333 181
334 181
334 182
334 182
334 182
334 183
334 183
334 184
334 184
334 185
335 185
335 186
335 186
335 187
335 187
336 188
336 188
336 189
337 189
337 190
337 190
337 191
338 192
338 192
338 193
338 193
338 194
339 194
339 195
339 195
339 196
339 196
340 197
340 197
340 198
340 199
341 199
341 200
341 200
341 201
342 201
342 202
342 202
343 202
343 203
343 203
343 204
343 204
343 204
344 205
344 205
344 206
344 206
345 206
345 206
345 207
345 207
346 207
346 207
346 208
346 208
346 208
346 209
346 209
347 209
347 210
347 210
347 211
347 211
348 212
348 212
348 213
348 213
348 213
348 213
348 214
349 214
349 214
349 214
349 215
349 215
349 215
350 215
350 215
350 215
350 215
351 216
351 216
351 216
351 216
351 216
351 216
351 216
351 216
351 216
351 216
351 216
351 216
350 216
350 216
350 216
350 216
350 216
350 216
350 216
350 216
350 216
349 216
349 216
349 216
349 216
349 216
348 216
348 216
348 216
348 216
348 216
348 215
348 215
348 215
347 215
347 215
347 215
347 215
346 215
346 215
346 214
346 214
345 214
345 214
344 213
344 213
343 213
343 213
343 213
342 212
342 212
342 212
341 212
341 212
341 211
340 211
340 211
340 211
339 210
339 210
339 210
338 209
338 209
337 208
337 208
336 207
336 207
336 206
335 206
335 206
334 206
334 205
334 205
334 205
334 204
334 204
333 204
333 203
333 203
333 203
333 203
333 202
333 202
333 202
333 202
332 202
332 202
332 202
332 202
332 202
332 201
331 201
331 201
331 201
331 201
331 201
331 201
331 201
331 201
331 201
331 201
331 201
331 201
331 202
331 202
331 202
331 202
331 202
331 202
331 203
331 203
331 203
331 203
331 204
331 204
331 204
331 204
332 205
332 205
332 205
333 206
333 206
333 207
333 207
334 208
334 208
334 209
335 209
335 210
335 210
336 211
336 212
337 212
337 212
338 213
338 213
338 214
338 214
339 215
339 215
340 215
340 216
340 216
340 217
340 217
340 217
340 218
341 218
341 219
341 219
342 220
342 220
342 221
343 222
343 222
343 222
343 223
344 223
344 224
344 224
345 225
345 225
345 226
345 226
346 227
346 227
346 228
347 228
347 229
347 229
347 230
348 230
348 231
349 231
349 232
349 232
349 233
350 234
350 234
350 235
351 236
351 236
351 237
351 237
352 238
352 239
353 239
353 240
353 240
353 241
354 241
354 242
354 242
355 242
355 243
356 243
356 244
356 244
357 245
357 245
358 246
358 246
358 247
359 247
359 248
359 248
359 249
360 249
361 250
361 250
361 251
362 252
362 252
363 253
363 253
364 254
365 255
365 255
366 256
366 257
367 257
368 258
368 259
369 259
370 260
370 261
370 261
371 261
371 262
372 262
372 263
373 263
373 263
373 264
374 264
374 264
375 265
375 265
376 265
376 265
376 266
376 266
376 266
376 266
376 267
376 267
377 267
377 267
378 268
379 268
379 268
379 269
380 269
380 269
380 269
381 270
381 270
381 270
382 271
382 271
382 271
383 271
383 272
384 272
384 272
384 272
384 272
384 273
384 273
384 273
385 273
385 273
385 273
385 273
385 274
385 274
386 274
386 274
386 275
386 275
387 275
387 276
388 276
388 276
388 276
389 277
389 277
389 277
389 277
389 277
389 277
389 278
389 278
389 278
390 278
389 278
389 278
389 278
388 278
388 278
388 278
388 278
388 278
388 278
388 278
388 278
388 278
387 278
387 278
387 278
387 278
387 278
387 278
387 278
387 279
387 279
386 279
386 279
386 279
385 279
385 279
384 279
384 279
384 279
384 279
384 279
384 279
384 279
384 278
383 278
383 278
383 278
383 278
382 278
382 278
382 278
381 277
381 277
380 277
380 277
379 277
378 276
377 276
377 276
376 276
375 276
374 275
373 275
373 275
372 275
372 274
371 274
370 274
369 274
369 274
368 273
367 273
367 273
367 272
366 272
365 272
364 271
363 271
363 271
362 270
362 270
361 270
360 269
360 269
359 269
359 268
358 268
358 267
357 267
356 267
355 266
355 266
354 265
353 265
352 264
351 264
351 263
350 263
350 263
349 262
348 262
348 262
348 261
348 261
348 261
347 261
347 261
347 260
347 260
346 260
346 260
345 259
345 259
344 259
344 258
343 258
342 258
342 258
341 258
341 257
340 257
340 257
340 257
340 257
339 257
339 257
339 257
339 257
338 257
338 257
338 257
338 257
338 257
338 257
338 257
338 257
338 257
338 257
338 257
338 257
338 257
338 257
338 257
338 257
338 257
338 257
338 257
338 257
338 257
338 257
338 257
338 257
338 258
338 258
338 258
338 258
338 259
338 259
338 259
339 259
339 260
339 260
339 260
339 261
339 261
339 262
339 262
340 263
340 263
341 264
341 264
341 265
341 266
342 266
342 267
343 267
342 268
343 269
343 269
343 270
343 271
344 272
344 273
345 273
344 274
344 275
345 276
345 277
346 277
346 278
347 279
347 280
347 281
347 281
348 282
348 283
348 284
349 285
349 286
350 286
350 287
350 288
350 289
351 289
352 290
352 291
353 292
353 292
353 293
353 293
354 294
354 295
355 295
356 296
356 296
356 297
356 298
356 298
356 299
357 299
357 300
358 300
358 301
358 302
358 302
359 303
359 303
359 304
360 304
361 305
361 306
361 306
361 307
362 307
362 308
363 308
363 309
363 309
363 310
364 310
364 311
365 311
366 312
366 312
367 313
368 313
368 314
369 314
369 315
370 315
370 316
371 316
372 317
373 318
373 318
374 319
374 319
375 320
376 321
377 321
378 322
378 322
379 323
379 323
379 324
380 325
381 325
381 326
382 326
383 326
384 327
384 327
384 328
385 328
385 329
386 329
386 330
387 330
387 330
387 331
388 331
388 332
389 332
389 333
389 333
390 333
391 334
391 334
392 335
393 336
393 336
393 337
394 338
395 338
396 339
396 339
397 340
398 340
398 341
398 341
399 342
400 342
400 343
400 343
401 343
402 344
403 344
403 344
404 344
404 345
404 345
404 345
404 345
405 346
405 346
405 346
405 346
406 347
406 347
407 347
406 347
406 348
407 348
408 348
409 349
410 349
411 350
411 350
411 350
412 351
413 351
413 352
413 352
414 352
415 352
414 352
414 353
414 353
414 353
415 353
415 353
415 353
415 353
415 353
415 353
415 354
415 354
415 354
415 354
415 354
415 354
415 354
415 354
415 354
415 354
415 354
415 354
414 354
414 354
413 354
413 355
412 355
412 355
412 355
411 355
411 355
411 355
410 355
410 355
409 355
408 354
408 354
408 354
407 354
406 354
406 354
405 354
404 353
403 353
403 353
402 353
401 353
401 353
400 353
399 352
398 352
398 352
397 352
397 351
396 351
395 351
394 350
393 350
392 350
392 349
391 349
391 348
390 348
390 348
390 347
389 347
388 347
387 347
386 346
386 346
385 346
384 346
384 345
383 345
382 345
382 344
381 344
381 344
380 343
380 343
379 343
379 342
378 342
378 342
377 341
376 341
375 340
374 340
373 339
372 339
371 338
371 338
370 338
369 337
368 337
368 336
367 336
366 335
366 335
365 335
364 334
364 334
363 333
362 333
362 333
362 332
361 332
360 332
360 332
360 331
360 331
359 331
358 331
359 331
359 331
360 331
359 331
359 331
358 330
358 330
358 330
358 330
358 330
358 330
358 330
358 330
358 330
358 330
357 330
356 330
356 330
356 330
357 330
357 331
356 331
355 331
356 331
356 331
356 331
356 331
356 332
356 332
356 332
356 332
356 333
355 333
356 333
356 333
355 334
355 334
355 334
354 335
354 335
354 336
355 336
355 337
355 337
355 338
356 338
357 339
358 339
358 340
359 340
359 341
359 342
360 342
360 343
360 343
361 344
362 344
362 345
363 346
363 347
363 347
363 348
364 349
365 349
366 350
366 351
368 352
367 353
368 353
369 354
369 355
369 356
369 356
370 357
371 358
372 358
373 359
373 360
374 360
375 361
375 362
377 362
377 363
378 364
379 365
379 366
380 367
380 368
381 368
381 369
382 370
383 371
383 371
383 372
384 372
385 373
385 373
385 374
386 374
386 375
386 375
387 375
388 376
388 376
388 377
388 377
388 378
389 379
390 379
390 380
391 380
391 381
392 381
393 382
393 383
393 383
394 384
394 384
394 384
395 385
396 385
395 386
396 386
396 387
396 388
397 388
398 389
398 389
399 390
399 390
399 391
400 391
401 392
401 393
402 393
402 394
402 395
403 395
404 396
404 397
405 397
405 398
406 399
407 399
408 400
409 401
410 401
409 402
410 403
410 403
411 404
412 404
413 405
413 405
414 406
415 406
416 407
416 407
417 408
417 408
417 409
417 410
418 410
419 410
419 411
420 411
420 412
420 412
420 413
421 413
422 413
422 414
422 415
423 415
423 416
424 416
424 417
424 417
425 418
426 418
427 419
429 419
429 419
430 420
431 420
431 421
432 421
432 421
432 421
432 422
433 422
433 423
434 423
434 423
435 424
435 424
435 425
435 425
436 425
437 425
437 426
438 426
439 426
439 426
440 427
440 427
440 427
440 427
441 428
440 428
440 428
439 428
440 428
441 428
442 429
442 429
442 429
442 430
443 430
444 430
444 431
445 431
445 431
444 432
444 432
444 432
445 433
445 433
445 433
446 434
446 434
447 434
447 434
447 434
447 435
447 435
447 435
447 436
448 436
448 436
448 437
449 437
449 437
450 438
450 438
450 438
451 438
452 438
452 439
452 439
453 439
452 439
453 439
453 439
453 439
453 439
454 439
453 439
453 440
453 440
453 440
452 440
452 440
452 440
453 440
453 440
453 440
453 440
453 440
452 440
452 440
452 440
452 440
452 440
452 440
452 440
452 440
452 440
451 440
451 440
451 440
449 440
449 439
447 439
446 439
445 439
444 439
443 439
443 439
441 439
440 439
440 438
440 438
439 438
439 437
438 437
438 437
437 436
436 436
435 436
435 435
434 435
433 435
432 434
431 434
430 434
430 433
428 433
428 433
427 432
427 432
426 432
425 431
424 431
424 430
423 430
422 430
420 429
419 429
418 429
417 428
417 428
417 428
415 428
415 427
414 427
413 426
412 426
411 426
410 425
409 425
409 424
408 424
407 423
406 422
405 422
403 421
402 421
401 420
400 420
398 419
397 419
396 419
395 418
395 418
393 418
392 417
391 417
391 416
390 416
389 416
388 416
387 415
386 415
385 415
384 415
384 415
384 414
383 414
383 414
383 414
382 414
382 414
382 414
382 414
380 414
380 414
379 414
380 414
380 414
380 414
380 414
379 414
380 414
380 414
380 414
380 414
380 414
380 414
380 414
380 414
380 414
381 414
380 414
380 414
380 414
380 414
380 414
380 414
380 414
380 414
380 414
380 414
380 414
380 414
381 414
381 414
381 413
381 413
382 413
382 413
382 413
383 413
383 413
383 413
383 413
384 413
384 413
384 413
383 413
383 413
383 413
383 413
383 413
383 413
383 414
383 414
383 414
382 414
382 414
383 415
383 415
383 415
383 415
383 416
383 416
383 417
383 417
384 418
385 418
386 419
386 420
387 420
387 421
387 422
388 423
388 424
390 425
390 426
391 427
391 428
391 429
391 429
392 430
393 431
394 432
395 433
395 434
396 435
397 435
397 436
398 437
398 438
399 439
399 440
400 440
400 441
401 442
402 443
403 443
402 444
402 445
402 445
404 446
404 447
404 447
405 448
405 449
406 449
406 450
407 451
408 451
408 452
409 452
410 453
410 454
411 454
412 455
412 455
412 456
413 456
412 457
412 457
413 458
414 458
414 459
414 460
413 460
414 461
416 461
416 462
417 462
418 463
417 464
418 464
418 465
419 466
420 467
420 467
421 468
422 469
422 470
422 471
424 471
424 472
425 473
425 474
426 474
426 475
425 476
425 477
426 477
426 478
427 479
428 480
428 480
428 481
430 482
431 483
432 484
433 485
434 485
434 486
436 487
437 487
437 488
437 489
439 489
439 490
439 490
440 491
439 492
439 492
439 493
439 493
441 494
441 494
441 495
442 495
443 496
444 496
442 496
444 497
446 497
446 497
446 498
446 498
446 498
446 499
446 499
447 499
447 500
447 500
448 500
446 501
447 501
447 501
448 502
448 502
449 503
449 503
449 503
450 504
450 504
450 505
451 505
451 505
450 506
451 506
449 507
450 507
451 507
451 508
451 508
452 509
452 509
453 509
454 510
454 510
454 511
455 511
457 512
456 512
457 513
456 513
456 514
456 514
456 514
457 515
458 515
458 515
459 516
459 516
461 516
461 517
461 517
461 517
462 518
462 518
464 518
464 518
464 519
464 519
464 519
464 519
464 520
465 520
466 520
467 520
467 520
468 520
467 520
467 520
466 521
467 521
465 521
465 521
466 521
465 521
465 521
466 521
467 521
467 521
467 521
467 521
467 521
467 521
466 522
465 522
466 522
465 522
465 521
466 521
466 521
467 521
466 521
465 521
464 521
463 521
462 521
462 521
461 521
460 521
459 520
459 520
458 520
459 520
460 520
459 519
457 519
456 519
456 519
453 518
453 518
452 518
452 518
451 518
451 518
450 517
449 517
448 517
448 517
446 516
445 516
444 516
443 515
442 515
442 514
442 514
441 514
440 513
439 513
437 512
435 512
433 511
432 511
430 510
428 510
426 509
425 509
423 508
421 508
420 508
419 508
418 507
418 507
418 506
417 506
416 506
414 506
412 505
412 505
413 505
413 504
414 504
413 503
413 503
413 503
411 503
411 502
411 502
410 501
409 501
408 501
407 501
407 500
407 500
406 499
405 499
405 498
404 498
402 498
401 497
400 497
400 496
400 496
399 496
398 495
396 495
395 494
394 494
393 493
392 493
392 492
391 492
390 491
389 491
388 490
387 490
387 489
387 489
386 489
385 488
385 488
386 487
385 486
385 486
385 485
384 485
383 484
382 484
381 483
381 483
379 482
379 481
378 481
376 480
376 480
375 479
374 479
374 478
372 478
371 478
371 477
370 477
370 477
370 476
368 476
367 476
367 476
367 476
368 476
368 475
368 475
368 475
368 475
368 475
367 475
366 475
367 475
366 475
366 475
366 475
367 475
367 475
366 475
366 475
366 475
365 475
365 475
365 475
365 475
365 475
366 475
366 475
367 475
366 474
366 474
366 475
367 475
366 475
367 475
368 475
367 475
367 475
367 476
367 476
367 476
366 477
367 477
366 477
366 478
366 478
367 478
367 479
367 479
367 480
367 480
368 480
369 481
369 481
369 482
369 483
370 483
371 484
371 485
371 486
371 486
371 487
371 488
371 489
371 489
372 490
372 491
373 492
373 493
374 493
374 494
375 494
376 495
377 495
378 496
379 497
379 497
381 498
381 498
382 499
382 500
380 500
380 501
381 502
381 502
381 503
381 504
382 504
382 505
384 506
383 506
383 507
384 507
383 508
383 508
383 509
382 509
383 510
383 510
382 510
382 511
383 511
383 511
383 511
384 512
385 512
385 512
386 512
387 512
388 512
388 512
387 512
387 512
387 513
386 513
386 513
385 513
385 513
384 513
384 513
384 513
384 513
385 513
385 513
385 513
385 513
384 513
383 513
383 513
382 514
382 514
383 514
382 513
382 513
382 513
382 513
382 513
382 513
381 513
381 513
381 513
380 513
379 513
378 512
378 512
378 512
378 512
377 511
376 511
375 511
374 510
374 510
373 510
372 509
371 509
370 509
369 509
368 508
368 508
368 508
368 507
367 507
366 506
366 506
365 506
364 505
363 505
362 504
362 504
361 503
360 503
359 503
360 502
359 502
358 502
358 501
357 501
357 501
356 501
355 500
354 500
353 500
352 500
352 499
352 499
351 499
351 498
351 498
350 498
348 498
347 497
346 497
346 496
346 496
345 495
344 495
344 495
342 494
340 494
339 493
339 493
339 492
338 492
337 492
336 491
336 491
335 490
335 490
334 490
335 490
335 489
335 489
335 489
335 489
335 488
334 488
334 488
333 488
333 488
332 488
332 487
331 487
331 487
332 487
331 487
331 487
330 486
330 486
329 486
329 486
329 486
329 486
328 486
328 486
329 485
328 485
328 485
328 485
328 485
327 485
327 485
328 485
327 484
326 484
326 484
326 484
326 484
327 484
327 484
327 484
327 483
327 483
327 482
327 482
327 481
326 481
325 481
325 481
323 480
323 480
323 479
323 479
321 478
321 478
320 478
319 478
319 478
318 477
318 477
318 477
317 477
317 476
317 476
316 476
317 475
317 475
316 474
316 474
315 474
313 474
312 473
312 473
312 473
312 473
313 472
313 472
313 472
313 472
312 472
312 472
312 472
312 472
312 472
313 472
313 472
313 472
313 472
314 472
315 472
315 472
316 472
317 471
317 471
317 472
316 472
316 471
317 471
317 471
317 471
316 471
316 471
315 471
315 471
314 472
315 472
315 472
314 472
314 472
315 472
316 472
316 472
316 472
316 472
317 473
317 473
317 473
318 473
319 473
319 473
318 473
318 472
316 472
315 471
315 471
316 470
316 470
315 469
315 469
314 468
313 468
313 468
313 467
313 467
314 467
313 466
313 466
298 469
299 469
298 469
298 469
297 469
297 469
298 474
297 474
296 474
296 474
297 474
297 474
297 474
298 474
298 474
298 474
298 475
297 474
296 475
297 475
296 475
296 475
296 475
297 476
297 476
297 476
297 476
297 476
296 476
296 477
298 477
298 477
297 477
297 478
297 478
297 478
297 478
298 479
297 479
297 479
297 479
296 479
296 480
296 480
296 480
296 480
295 480
295 480
295 480
295 480
295 480
295 480
295 480
294 480
295 480
295 480
295 480
295 480
295 480
295 480
295 480
295 480
296 480
295 480
295 480
295 480
295 480
294 480
293 480
293 481
292 480
292 481
292 481
293 481
293 481
294 481
295 481
295 481
295 481
295 481
295 481
295 481
295 481
295 481
295 481
296 481
296 481
295 481
297 481
295 480
295 480
295 480
295 481
295 481
296 481
296 481
297 481
296 481
295 480
295 480
296 481
296 481
296 481
296 481
297 481
298 481
298 481
298 481
298 481
296 481
296 481
297 481
297 481
297 481
298 481
298 481
298 481
298 481
298 481
298 481
298 481
298 481
298 481
298 481
298 482
298 482
298 482
297 482
297 482
298 483
297 483
296 483
296 483
296 483
296 483
295 483
296 483
297 484
297 484
297 484
297 484
297 484
297 485
298 485
298 485
298 485
297 486
296 486
296 486
297 486
296 486
296 487
296 487
296 487
297 488
295 488
296 488
295 489
296 489
296 489
296 489
297 490
296 490
297 490
297 490
299 490
298 491
299 491
299 491
298 491
298 492
298 492
298 492
298 492
299 492
299 493
299 493
300 493
299 494
299 494
299 494
299 495
299 495
299 495
299 496
298 496
298 496
298 496
299 496
298 496
298 497
298 497
297 497
298 497
298 497
298 497
297 497
298 497
298 497
298 497
297 498
297 498
297 498
297 498
297 498
297 498
298 499
298 499
298 499
299 499
299 499
300 500
299 500
299 500
299 501
298 501
298 501
298 502
298 502
297 502
296 503
296 503
296 503
296 504
296 504
295 504
296 505
296 505
296 506
294 506
295 507
295 507
294 508
293 508
293 509
293 509
292 510
292 510
292 511
293 511
293 511
293 512
293 512
293 512
292 513
291 513
290 513
291 514
291 514
291 515
291 515
290 515
290 516
291 516
290 516
290 517
290 517
288 517
287 518
287 519
287 519
288 520
288 520
288 521
287 521
286 522
286 522
286 523
286 523
286 524
286 524
287 525
286 525
287 526
287 526
286 526
287 527
286 527
285 527
286 528
286 528
284 529
285 529
286 529
285 529
284 530
285 530
285 530
284 531
284 531
284 532
284 532
283 533
284 533
283 534
283 534
283 535
283 536
282 536
282 537
282 537
282 538
282 539
280 539
281 540
281 540
281 541
280 542
280 542
279 543
278 543
278 544
277 545
276 545
275 546
274 547
274 547
273 548
273 548
271 549
271 549
270 550
269 550
269 551
270 551
269 551
269 552
269 552
268 552
267 552
267 553
266 553
267 553
267 553
267 553
268 554
267 554
266 554
267 554
267 554
267 554
268 554
268 554
267 554
267 555
268 555
271 555
271 555
272 555
272 555
273 555
273 555
273 555
273 555
273 555
271 555
271 555
271 555
271 555
270 555
272 555
273 555
272 555
272 555
272 555
272 554
274 554
275 553
275 552
274 552
273 551
273 550
273 550
272 549
273 549
326 472
328 478
327 478
327 478
327 479
327 479
327 479
327 480
327 480
326 480
326 481
326 481
326 481
326 481
326 481
326 481
326 482
326 482
327 482
328 482
328 482
328 482
328 483
328 483
328 483
328 484
327 484
327 484
327 484
328 484
328 484
328 485
328 485
327 485
327 485
326 485
327 485
327 485
327 485
326 485
327 485
327 485
328 485
328 486
329 486
329 486
329 486
329 486
328 486
328 486
328 486
328 486
328 486
328 486
328 486
328 486
328 486
328 486
329 486
329 486
328 486
328 486
328 486
328 486
329 486
328 486
329 486
329 486
329 486
329 486
328 486
328 486
329 486
329 486
330 486
330 486
331 486
330 485
329 486
329 486
329 487
329 487
328 488
328 488
328 489
328 489
328 490
329 490
329 490
330 491
330 492
329 492
328 493
329 494
328 494
328 494
328 495
327 496
328 496
328 497
327 498
328 499
329 500
329 500
329 501
327 502
327 503
327 504
328 505
329 506
328 507
328 507
328 508
328 509
328 510
327 511
328 512
329 512
328 513
328 514
328 514
329 515
329 516
331 516
331 517
331 518
330 518
331 519
332 520
332 520
332 521
332 522
332 523
331 523
331 524
331 525
332 525
332 526
332 527
331 527
332 528
333 528
332 529
333 529
332 530
332 531
333 531
333 532
334 532
334 533
334 533
334 534
334 535
335 535
335 536
335 536
334 537
335 537
335 538
335 538
335 539
336 540
337 541
338 541
338 542
338 543
339 544
339 544
339 545
340 546
340 546
341 547
342 547
341 548
341 548
341 548
341 548
343 548
343 549
344 549
344 549
346 549
345 550
344 550
343 550
343 550
343 550
344 551
344 551
343 551
344 551
345 551
345 551
345 551
345 551
345 551
344 551
344 551
343 551
343 551
343 551
343 551
343 551
344 551
344 551
344 551
344 551
342 551
343 551
342 551
342 551
342 551
342 550
341 549
341 548
340 547
341 545