355 271
355 271
355 271
354 271
354 271
354 271
354 271
354 271
354 271
354 271
354 271
354 271
354 271
354 271
354 271
354 271
354 271
354 271
354 271
354 271
354 271
354 271
354 271
354 271
354 271
354 271
354 271
354 271
354 271
354 271
354 271
354 271
354 271
354 271
354 271
354 271
354 270
354 270
354 270
354 270
354 270
354 270
354 270
354 270
354 270
354 270
354 269
354 269
354 269
355 269
355 269
355 269
355 269
355 269
355 268
355 268
355 268
355 268
355 268
355 268
355 267
355 267
355 267
355 267
355 267
355 267
355 266
355 266
355 266
355 266
355 266
355 266
355 266
355 265
355 265
355 265
355 265
355 265
355 264
355 264
355 264
355 264
355 264
355 264
355 263
355 263
355 263
355 263
355 263
355 263
356 263
356 263
356 263
356 263
356 263
356 263
356 262
356 262
356 262
355 262
356 262
355 262
355 262
356 262
356 262
356 262
356 262
356 262
356 262
356 262
356 262
356 262
356 262
356 262
356 262
356 262
356 262
356 262
356 262
356 262
356 262
356 262
356 262
356 262
356 262
356 262
356 261
356 261
356 261
356 261
356 261
356 261
356 260
356 260
356 260
356 260
356 260
356 259
356 259
356 259
356 259
356 259
356 258
356 258
356 258
356 258
356 257
356 257
356 257
356 257
356 257
357 257
357 256
357 256
357 256
357 256
357 256
357 256
357 256
357 256
357 256
357 255
357 255
357 255
357 255
357 255
357 254
358 254
358 254
358 254
358 253
358 253
358 253
358 253
359 252
359 252
359 252
359 251
359 251
359 251
360 251
360 250
360 250
360 250
360 250
360 249
360 249
360 249
361 248
361 248
361 248
361 247
361 247
361 247
361 246
362 246
362 246
362 245
362 245
362 245
362 244
363 244
363 244
363 243
363 243
363 242
364 242
364 242
364 241
364 241
364 240
364 240
365 240
365 239
365 239
365 238
365 238
366 237
366 237
366 237
366 236
367 236
367 235
367 235
367 235
368 234
368 234
368 234
368 234
368 233
369 233
369 233
369 233
369 232
370 232
370 232
370 232
371 231
371 231
371 231
371 231
372 231
372 230
372 230
372 230
373 230
373 229
373 229
373 229
374 229
374 228
375 228
375 228
375 227
376 227
376 227
376 226
377 226
377 226
377 226
377 225
378 225
378 225
378 225
378 224
379 224
379 224
379 224
380 223
380 223
381 223
381 222
381 222
382 222
382 222
383 221
383 221
383 221
384 220
384 220
385 220
385 219
386 219
386 219
387 218
387 218
388 218
388 218
389 217
389 217
390 217
390 217
391 216
391 216
392 216
392 216
393 216
393 215
394 215
394 215
395 215
395 215
396 215
396 214
397 214
397 214
398 214
398 214
398 214
399 214
399 214
400 213
400 213
400 213
401 213
401 213
401 213
401 213
402 213
402 213
402 213
403 213
403 213
403 213
404 213
404 212
405 212
405 212
406 212
406 212
406 212
407 212
407 212
407 212
408 212
408 212
409 212
409 212
410 212
410 212
410 212
411 212
411 212
412 212
412 211
412 211
413 211
413 211
413 211
413 211
414 211
414 211
414 211
415 211
415 211
415 211
415 211
416 211
416 211
416 211
417 211
417 211
417 211
417 211
417 211
418 211
418 211
418 211
418 211
418 211
418 211
419 211
419 211
419 211
420 211
420 211
420 211
421 211
421 211
422 211
422 211
422 211
423 211
423 211
423 211
424 211
424 211
424 211
425 211
425 211
425 211
426 211
426 211
426 211
427 211
427 211
427 211
428 211
428 211
428 211
428 211
429 211
429 211
430 211
430 211
430 211
430 211
431 211
431 212
432 212
432 212
432 212
433 212
433 212
433 212
434 212
434 212
434 212
435 212
435 212
436 212
436 212
436 212
437 212
437 212
437 212
438 212
438 212
438 212
439 212
439 213
439 213
439 213
440 213
440 213
441 213
441 213
441 213
442 214
442 214
443 214
443 214
443 214
444 214
444 215
445 215
445 215
446 215
446 215
447 215
447 216
447 216
448 216
448 216
449 216
449 216
450 216
450 217
450 217
451 217
451 217
451 217
452 217
452 217
452 217
453 218
453 218
453 218
454 218
454 218
454 218
455 219
455 219
456 219
456 219
457 219
457 220
457 220
458 220
458 220
459 221
459 221
460 221
460 222
461 222
461 222
462 223
462 223
463 223
463 224
463 224
464 224
464 224
465 225
465 225
465 225
465 225
466 226
466 226
467 226
467 226
467 227
467 227
468 227
468 228
468 228
468 228
469 228
469 229
469 229
470 229
470 230
470 230
470 230
470 231
471 231
471 231
471 232
471 232
472 233
472 233
472 233
472 234
473 234
473 234
473 235
473 235
474 236
474 236
474 236
474 237
475 237
475 238
475 238
475 238
475 239
475 239
476 240
476 240
476 241
476 241
476 242
476 242
477 243
477 243
477 244
477 244
477 245
478 245
478 246
478 246
478 246
479 247
479 247
479 248
479 248
480 248
480 249
480 249
480 250
480 250
480 250
480 251
481 251
481 252
481 252
481 252
481 253
481 253
481 254
482 254
482 254
482 255
482 255
482 256
482 256
482 257
482 257
482 258
482 258
482 259
482 259
482 260
482 260
483 260
483 261
483 261
483 262
483 262
483 263
483 263
483 264
483 264
483 264
483 265
483 265
483 266
483 266
483 266
484 267
484 267
484 268
484 268
484 268
484 269
484 269
484 270
484 270
484 270
484 271
484 272
484 272
484 272
484 273
484 273
484 274
484 274
484 275
484 275
483 276
483 276
483 277
483 277
483 278
483 278
483 278
483 279
483 279
483 280
483 280
483 281
482 281
482 282
482 282
482 283
482 283
481 283
481 284
481 284
481 285
481 285
480 286
480 286
480 287
480 287
480 288
480 288
479 288
479 289
479 289
479 290
479 290
478 290
478 291
478 291
478 291
478 292
477 292
477 293
477 293
476 294
476 294
476 294
476 295
476 295
475 296
475 296
475 296
475 297
474 297
474 298
474 298
474 298
473 299
473 299
473 300
473 300
472 301
472 301
472 302
471 302
471 302
471 303
470 303
470 303
470 304
469 304
469 305
469 305
468 306
468 306
467 306
467 307
466 307
466 307
466 307
465 308
465 308
465 308
464 309
464 309
464 309
464 309
464 309
464 310
463 310
463 310
463 311
462 311
462 311
462 311
461 312
461 312
461 313
460 313
460 313
459 314
459 314
459 314
458 315
458 315
458 316
457 316
457 316
456 317
456 317
455 318
455 318
455 318
454 319
454 319
453 320
453 320
453 320
453 321
452 321
452 321
452 322
451 322
451 322
451 323
450 323
450 323
449 324
449 324
448 324
448 325
448 325
448 325
448 326
447 326
447 326
447 327
446 327
446 328
446 328
446 328
445 329
445 329
444 330
444 330
443 331
443 331
443 331
443 332
442 332
442 333
441 333
441 334
440 334
441 335
441 335
440 336
440 336
439 337
439 337
439 338
439 338
438 339
438 339
438 340
437 340
437 341
436 342
436 342
436 343
436 343
436 344
436 344
435 345
435 346
435 346
435 347
435 347
435 348
435 348
434 349
434 349
434 350
434 350
434 351
434 351
434 352
434 352
434 353
434 353
434 354
434 354
434 355
434 355
434 356
434 356
434 357
433 357
433 358
433 358
433 359
433 359
433 360
433 360
433 361
433 361
433 362
433 362
432 363
433 363
433 364
433 364
433 364
433 365
433 365
433 365
433 365
433 366
432 366
433 366
433 367
433 367
432 367
433 368
433 368
433 368
433 369
433 369
433 369
433 370
434 370
434 370
433 371
433 371
433 372
433 372
433 372
433 373
433 373
433 373
433 373
433 374
432 374
432 375
431 375
431 375
431 376
430 376
429 376
429 377
429 377
429 377
429 377
429 377
428 378
428 378
428 378
428 378
427 378
427 378
427 378
426 379
426 379
426 379
425 379
425 379
425 379
425 379
424 379
424 379
423 380
423 380
423 380
422 380
422 380
421 380
421 380
421 380
421 380
420 380
420 380
420 380
420 380
420 380
419 380
419 380
419 379
419 379
418 379
418 379
417 379
417 379
417 379
417 378
417 378
416 378
416 378
416 378
416 378
415 377
415 377
414 377
414 377
413 376
413 376
413 376
413 376
413 375
413 375
412 375
412 375
412 375
412 374
412 374
412 374
412 373
412 373
411 373
411 372
410 372
411 371
411 371
411 371
411 370
411 370
411 370
411 369
411 369
411 368
411 368
411 368
410 367
410 367
410 366
410 366
410 366
410 365
410 365
410 365
410 364
410 364
410 363
410 363
410 363
410 362
410 362
410 361
409 361
409 361
409 360
410 360
410 359
410 359
410 358
410 358
410 357
410 357
410 356
410 355
410 355
410 355
410 354
411 354
411 353
411 353
411 352
411 352
411 351
411 351
411 350
411 350
411 349
411 349
411 348
411 348
411 347
412 347
412 346
412 346
412 345
412 345
412 344
412 344
412 343
412 343
412 342
412 342
413 341
412 341
413 340
413 340
413 339
413 338
413 338
414 337
414 337
414 336
414 336
415 335
415 334
415 334
415 333
415 333
416 333
416 332
416 332
416 331
416 331
416 330
417 330
417 330
417 329
417 329
417 328
418 328
418 327
418 327
418 326
419 326
419 325
419 325
419 324
420 324
420 323
420 323
421 323
421 322
422 322
422 321
422 321
422 320
423 320
423 320
423 319
423 319
424 319
424 319
424 318
425 318
425 318
426 317
426 317
426 317
427 316
427 316
427 316
427 315
427 315
428 315
428 314
428 314
428 314
429 313
429 313
429 313
430 312
430 312
430 311
431 311
431 311
432 310
432 310
432 309
432 309
433 309
433 309
433 308
434 308
434 308
434 307
434 307
434 307
434 307
435 306
435 306
435 306
435 306
436 305
436 305
436 305
436 305
436 304
436 304
436 304
437 304
437 304
437 303
438 303
438 303
438 302
438 302
439 302
439 302
439 301
440 301
440 301
441 300
441 300
441 300
441 299
441 299
442 299
442 299
442 298
443 298
443 298
443 297
444 297
444 296
444 296
445 296
445 295
445 295
446 295
446 294
446 294
446 294
447 294
447 293
447 293
448 293
448 292
448 292
448 292
449 292
449 291
449 291
450 291
450 291
450 290
450 290
450 290
451 290
451 289
451 289
452 289
452 288
452 288
452 288
453 287
453 287
453 287
453 286
454 286
454 285
454 285
455 285
455 284
455 284
455 283
455 283
455 283
456 282
456 282
457 281
457 281
457 280
457 280
458 279
458 279
458 278
459 278
459 277
459 277
459 276
459 276
459 275
460 275
460 274
460 274
460 273
460 272
460 272
460 271
460 271
460 270
460 269
460 269
460 269
460 268
460 268
460 267
460 267
460 266
460 266
460 265
460 265
460 265
460 264
460 264
459 264
459 263
459 263
459 262
459 262
459 261
459 261
459 260
458 260
458 260
458 259
458 259
458 258
458 258
457 257
457 257
457 257
457 256
457 256
456 255
456 255
456 254
455 254
455 254
455 253
455 253
454 253
454 252
454 252
454 252
454 251
453 251
453 251
453 251
453 251
453 250
452 250
452 250
452 250
452 249
452 249
451 249
451 248
451 248
450 248
450 247
450 247
449 247
449 247
449 246
448 246
448 246
447 245
447 245
446 245
446 244
446 244
445 244
445 243
444 243
444 243
443 242
443 242
442 242
442 241
441 241
441 241
440 240
440 240
439 240
439 239
438 239
438 239
437 238
436 238
436 238
435 237
435 237
434 237
434 236
433 236
433 236
432 236
431 235
431 235
430 235
430 235
429 235
428 234
428 234
427 234
427 234
426 234
425 234
425 234
424 234
424 233
423 233
423 233
423 233
422 233
421 233
421 233
420 233
420 233
419 233
419 233
418 233
418 233
417 233
417 233
416 233
416 233
415 233
415 233
414 233
413 233
413 233
412 233
412 233
411 233
411 233
410 234
410 234
409 234
408 234
408 234
407 234
407 235
406 235
406 235
406 235
405 235
405 236
404 236
404 236
403 236
403 237
402 237
402 237
401 237
401 238
400 238
400 238
399 239
399 239
398 239
398 240
397 240
397 240
397 241
396 241
396 241
396 241
395 242
395 242
395 242
394 243
394 243
394 243
393 243
393 244
393 244
393 244
392 245
392 245
392 246
391 246
391 247
391 247
390 247
390 248
390 248
389 249
389 249
389 250
388 250
388 251
388 251
387 251
387 252
386 252
386 253
386 253
386 253
385 254
385 254
385 255
385 255
384 255
384 256
384 256
383 257
383 257
383 258
383 258
383 258
382 259
382 259
382 260
382 261
381 261
381 262
381 262
381 263
380 263
380 264
380 264
380 265
380 266
380 266
380 267
380 267
380 268
379 268
379 269
379 270
379 270
379 271
379 271
379 272
379 272
379 273
379 274
379 274
379 275
379 275
379 276
379 276
379 277
379 277
379 278
379 278
379 279
379 279
379 280
379 280
379 281
379 281
378 281
378 282
378 282
378 282
378 283
378 283
378 284
378 284
377 284
377 284
377 285
377 285
376 285
376 286
376 286
376 286
376 287
375 287
375 287
374 287
374 288
374 288
373 288
373 288
373 288
372 288
372 289
372 289
371 289
371 289
371 289
370 289
370 289
370 289
369 289
369 289
369 289
369 289
368 289
368 289
367 289
367 289
366 289
366 289
366 289
365 288
365 288
364 288
364 288
363 288
363 288
362 287
362 287
361 287
361 287
361 286
360 286
360 286
359 285
359 285
359 285
358 284
358 284
358 284
357 284
357 283
357 283
357 283
357 283
356 282
356 282
356 282
356 282
356 282
356 281
356 281
355 281
355 280
355 280
355 280
355 280
355 280
355 279
355 279
354 279
354 279
354 279
354 279
354 278
354 278
354 278
354 278
354 277
354 277
354 277
354 277
354 277
354 276
354 276
354 276
354 275
354 275
354 275
354 275
354 275
354 274
353 274
354 274
354 274
354 274
354 274
354 273
354 273
354 273
354 273
354 273
354 273
354 272
354 272
354 272
354 272
354 272
354 272
354 272
354 272
354 272
354 272
355 272
354 272
354 272
354 272
355 272
355 272
355 272
355 272
355 272
355 272
355 272
355 272
355 272
355 272
355 272
354 272
355 272
355 272
354 272
354 272
354 272
354 272
354 272
354 272
354 272
354 272
354 272
354 272
354 272
354 272
354 272
354 272
354 272
354 272
354 272
354 272
354 272
354 272
354 272
354 272
354 272
354 272
354 272
354 273
354 273
354 273
354 272
354 272
354 272
354 272
354 272
354 272
353 272
353 272
353 272
353 272
353 272
353 272
353 272
353 272
353 272
353 272
353 273
353 273
353 273
353 273
353 273
353 273
353 273
353 274
353 274
413 387
413 388
413 388
413 388
413 389
413 389
413 390
413 390
413 390
413 391
413 391
413 391
413 392
413 392
413 392
413 392
413 393
414 393
413 393
413 393
413 393
414 393
414 393
414 393
414 393
414 393
414 393
415 393
415 393
415 393
415 393
415 393
415 394
415 394
415 394
415 394
415 394
415 394
415 394
415 394
415 394
414 394
414 394
414 394
414 394
414 394
414 394
414 394
414 394
414 394
414 394
414 394
414 393
414 393
415 393
414 393
414 393
414 393
414 393
415 393
414 393
414 393
414 393
414 393
414 393
415 393
415 393
416 392
416 392
415 392
416 392
416 392
416 392
416 392
417 392
417 392
417 392
417 392
418 392
417 392
418 392
417 392
417 392
416 392
417 392
417 392
417 392
417 392
417 392
417 392
418 391
418 391
418 391
418 391
418 391
418 391
418 391
418 391
418 391
418 391
418 391
418 391
418 391
418 391
418 391
418 391
418 391
419 391
419 391
419 391
419 391
419 391
419 391
419 391
420 391
420 391
420 391
421 391
421 391
421 391
420 391
421 391
421 390
422 390
422 390
423 390
423 390
423 390
424 390
424 390
425 390
425 390
426 390
426 390
427 390
427 390
427 390
427 390
427 390
427 390
427 390
427 390
427 390
428 390
428 390
428 390
429 390
430 390
430 390
430 390
431 390
431 390
431 390
431 390
431 390
431 390
431 390
431 390
431 390
431 390
431 390
431 390
431 391
431 391
432 391
432 390
432 391
432 391
433 391
433 391
433 391
434 391
434 391
434 391
435 391
435 391
435 391
435 392
435 392
435 392
436 392
436 392
436 392
436 392
436 393
437 393
436 393
436 393
436 393
436 394
436 394
437 394
437 394
437 395
436 395
437 395
437 395
437 395
437 395
437 396
437 396
437 396
437 397
438 397
437 397
438 397
438 398
438 398
438 398
438 399
438 399
438 400
438 400
438 401
438 401
438 401
438 402
439 402
439 402
439 403
438 403
438 403
438 404
438 404
438 405
438 405
439 405
439 405
439 405
439 406
439 406
439 406
439 406
439 407
439 407
439 407
438 408
438 408
438 408
438 409
438 409
438 409
438 409
438 410
438 410
438 410
438 410
438 410
439 411
439 411
438 411
438 411
438 412
438 412
438 412
438 412
437 413
437 413
437 413
437 414
437 414
436 414
436 415
436 415
435 416
435 416
435 416
435 416
435 416
434 417
434 417
433 417
433 418
433 418
432 418
432 418
431 418
431 419
430 419
430 419
430 419
430 419
429 419
429 419
429 420
428 420
428 420
428 420
427 420
427 420
427 420
426 420
426 420
425 421
425 421
424 421
423 421
423 421
423 421
423 420
423 420
422 420
422 421
422 421
421 421
421 420
421 420
421 420
421 421
420 420
420 421
420 421
419 421
419 421
419 421
419 420
419 420
418 420
418 420
418 420
418 420
418 420
418 419
418 419
418 419
417 419
417 419
417 419
416 419
416 419
416 418
416 418
416 418
415 418
415 418
415 418
415 417
414 417
414 417
414 417
413 417
413 417
413 416
412 416
412 416
413 416
413 415
413 415
412 415
412 415
412 415
412 414
412 414
412 414
413 413
413 413
413 413
413 412
412 412
412 412
412 412
411 412
411 411
411 411
411 411
411 411
411 410
411 410
411 410
411 410
411 410
410 410
410 409
410 409
410 409
410 409
409 408
409 408
409 408
410 407
410 407
410 407
409 407
409 406
409 406
409 406
409 406
409 405
409 405
409 405
409 405
409 404
410 404
410 404
410 403
411 403
410 403
410 403
410 402
410 402
410 402
410 401
411 401
411 401
411 400
411 400
412 400
412 400
412 399
412 399
412 399
412 399
412 398
412 398
412 398
412 398
412 398
411 397
411 397
411 397
411 397
411 397
411 397
411 396
412 396
411 396
411 396
411 396
412 396
412 396
412 395
413 395
413 395
413 395
413 395
413 395
413 395
413 395
413 395
413 395
413 395
413 394
414 394
414 394
414 394
414 394
414 394
414 394
414 394
414 394
415 393
415 393
415 393
415 393
415 393
415 393
415 393
415 393
415 393
416 393
416 393
416 393
416 393
416 393
416 393
416 393
416 393
416 393
417 393
417 393
417 392
417 392
417 392